relPrimaryInf.txt
ncols	732
nrows	672
xllcorner	-134972.016799927
yllcorner	2776775.76870155
cellsize	1000
NODATA_value	-9999
[rows 340 to 373 of 672, columns 456 to 531 of 732]
-9999 -9999 -9999 -9999 1058.89 556.58 556.58 556.58 275.71 275.71 275.71 458 114 114 114 114 114 722.73 722.73 722.73 722.73 609.99 609.99 609.99 4929.78 4929.78 4929.78 1752.23 3781.2 286.4 286.4 8833.4 8833.4 165.29 165.29 165.29 2186.8 2186.8 260.81 260.81 741.6 2307.9 2307.9 2307.9 2307.9 748.57 0 0 466.12 466.12 0 0 0 0 0 351.48 1321.48 1321.48 1321.48 1321.48 1321.48 1321.48 1321.48 1321.48 1321.48 1321.48 1321.48 1187.88 1187.88 1187.88 1187.88 1187.88 1187.88 1187.88 1187.88 1312.3
-9999 -9999 -9999 -9999 1058.89 556.58 556.58 556.58 0.42 0.42 0.42 389.39 114 138.6 114 114 114 722.73 722.73 722.73 3601.65 3601.65 3601.65 3601.65 4929.78 4929.78 1752.23 4048.96 1985.92 1985.92 112.86 1252.51 1252.51 478.68 1526.24 1526.24 2186.8 2186.8 260.81 260.81 2307.9 2307.9 2307.9 2307.9 2307.9 2307.9 466.12 466.12 466.12 466.12 0 0 0 0 351.48 351.48 1321.48 1321.48 1321.48 1321.48 1321.48 1321.48 1321.48 1321.48 1321.48 1321.48 1321.48 1187.88 1187.88 1187.88 1187.88 1187.88 1187.88 1187.88 1187.88 1312.3
-9999 -9999 -9999 -9999 1058.89 400.84 400.84 400.84 0.42 0.42 180.27 138.6 138.6 138.6 114 114 114 722.73 722.73 3601.65 3601.65 3601.65 3601.65 3601.65 1067.52 3037.42 3037.42 4048.96 4048.96 1985.92 112.86 1252.51 478.68 478.68 1526.24 1526.24 9878.62 9878.62 2088.49 1643.08 323.69 323.69 2307.9 2307.9 2307.9 2307.9 466.12 466.12 466.12 466.12 466.12 466.12 517.95 351.48 351.48 351.48 1826.96 1321.48 1321.48 1321.48 1321.48 1321.48 1321.48 1321.48 1321.48 1321.48 1321.48 1187.88 1856.04 1856.04 1856.04 1187.88 1187.88 1187.88 1187.88 1152.17
-9999 -9999 -9999 -9999 381 381 370.61 370.61 1049.67 1049.67 1049.67 779.3 138.6 138.6 114 114 114 722.73 3601.65 3601.65 3601.65 3601.65 3601.65 1067.52 1067.52 2256.67 2256.67 4048.96 4048.96 227.04 163.57 797.76 797.76 845.83 845.83 806.57 2143.71 162.69 2806.07 323.69 323.69 2453.77 4724.31 4724.31 899.55 899.55 466.12 466.12 466.12 466.12 466.12 517.95 351.48 351.48 351.48 351.48 1826.96 1826.96 1826.96 1826.96 1826.96 1292.13 1292.13 1292.13 1292.13 1292.13 1292.13 1856.04 1856.04 1856.04 1856.04 1187.88 1187.88 1187.88 1187.88 1152.17
-9999 -9999 -9999 -9999 381 381 370.61 370.61 633.49 633.49 633.49 779.3 779.3 175.18 175.18 175.18 175.18 264.07 264.07 482.05 599.5 599.5 599.5 1067.52 1067.52 2256.67 2256.67 2152.05 4243.53 227.04 163.57 797.76 122.8 122.8 845.83 806.57 2143.71 162.69 162.69 323.69 323.69 2453.77 4724.31 4724.31 4724.31 899.55 466.12 466.12 466.12 466.12 517.95 517.95 351.48 351.48 351.48 351.48 1826.96 1826.96 1826.96 1826.96 1826.96 1826.96 1292.13 1292.13 1292.13 1292.13 1292.13 1292.13 1856.04 1856.04 1856.04 1187.88 1187.88 1187.88 1187.88 1152.17
-9999 -9999 -9999 139.64 139.64 139.64 195.1 2639.55 2337.79 2337.79 14.92 7.67 493.8 493.8 175.18 175.18 175.18 264.07 264.07 482.05 482.05 482.05 599.5 1067.52 1067.52 2256.67 2256.67 2152.05 4243.53 4243.53 163.57 122.8 122.8 122.8 139.29 857.62 2901.8 4376.82 4376.82 6899.14 6899.14 6899.14 1297.82 1297.82 1297.82 1094.06 177.04 177.04 177.04 506.23 506.23 351.48 351.48 351.48 351.48 351.48 1826.96 1826.96 1826.96 1826.96 1826.96 1826.96 1292.13 1292.13 1292.13 1292.13 1292.13 1292.13 1856.04 1856.04 1856.04 1187.88 1187.88 1187.88 1187.88 1152.17
-9999 -9999 -9999 307.44 307.44 195.1 195.1 2639.55 255.47 14.92 14.92 7.67 493.8 5585.52 5585.52 5585.52 175.18 1745.42 1745.42 850.86 850.86 850.86 850.86 1851.83 1851.83 2778.63 2778.63 2778.63 2778.63 4243.53 4243.53 122.8 122.8 139.29 139.29 146.35 833.12 833.12 833.12 809.2 809.2 809.2 842.96 842.96 1094.06 1094.06 177.04 506.23 506.23 506.23 506.23 351.48 351.48 351.48 351.48 351.48 351.48 1826.96 1826.96 1826.96 1826.96 1826.96 1292.13 1292.13 1292.13 1292.13 1292.13 1292.13 1856.04 1856.04 1856.04 1187.88 1187.88 1187.88 1187.88 1152.17
-9999 -9999 -9999 307.44 307.44 195.1 172.35 2639.55 255.47 14.92 14.92 84.45 84.45 5585.52 5585.52 5585.52 5585.52 59.51 1745.42 1745.42 45.3 45.3 850.86 1851.83 1851.83 2778.63 2778.63 2778.63 2778.63 2918.01 2918.01 526.46 526.46 3598.51 3598.51 755.55 52.48 2219.52 2219.52 2219.52 1904.08 1989.45 27.46 821.03 821.03 821.03 506.23 506.23 506.23 506.23 506.23 351.48 351.48 351.48 351.48 351.48 351.48 1826.96 1826.96 1826.96 1826.96 1826.96 1292.13 1292.13 1292.13 1292.13 1292.13 2424.36 3437.34 3437.34 2527.25 2527.25 2527.25 2527.25 2527.25 2827.4
-9999 -9999 -9999 968 989.3 989.3 854.82 854.82 35.56 35.56 35.56 84.45 84.45 84.45 6195.6 5585.52 5585.52 59.51 0 0 1745.42 2127.85 2127.85 5287.57 5287.57 1179.89 1179.89 1179.89 3173.09 3883.73 3883.73 5391.13 5391.13 1346.53 1346.53 587.37 52.48 52.48 269.69 2219.52 1989.45 503.58 781.6 821.03 781.6 781.6 506.23 506.23 506.23 506.23 506.23 351.48 351.48 351.48 351.48 351.48 2087.26 10603.46 10603.46 10603.46 10603.46 10603.46 6907.59 6907.59 6907.59 14385.88 14385.88 2424.36 2424.36 3437.34 2527.25 2527.25 2527.25 2527.25 2527.25 2827.4
-9999 -9999 -9999 1274.02 989.3 989.3 854.82 11.94 543.82 3139.58 3139.58 317.49 317.49 6195.6 6195.6 5585.52 5585.52 0 0 0 1949.45 1745.42 3915.46 5287.57 1782.95 3173.09 3173.09 3173.09 3173.09 1608.3 1608.3 5391.13 5391.13 1945.7 1346.53 587.37 173.84 173.84 269.69 2219.52 132.81 503.58 781.6 781.6 781.6 781.6 506.23 506.23 506.23 506.23 506.23 351.48 351.48 2087.26 2087.26 2087.26 2087.26 10603.46 10603.46 10603.46 10603.46 10603.46 6907.59 6907.59 14385.88 14385.88 14385.88 2424.36 9202.97 5397.78 2527.25 2527.25 2527.25 2527.25 2527.25 2827.4
-9999 -9999 1274.02 1274.02 989.3 989.3 11.94 11.94 568.04 3139.58 3139.58 317.49 317.49 6195.6 6195.6 5585.52 5585.52 0 0 0 1949.45 1949.45 1745.42 1782.95 1782.95 3173.09 3173.09 3173.09 3173.09 1608.3 1608.3 5984.68 5984.68 1945.7 124.66 1190.64 319.29 319.29 269.69 281.75 281.75 503.58 781.6 781.6 781.6 781.6 506.23 506.23 506.23 1645.44 1645.44 1203.36 1203.36 2087.26 2087.26 2087.26 2087.26 10603.46 10603.46 10603.46 10603.46 10603.46 6907.59 6907.59 6907.59 6907.59 6907.59 9202.97 9202.97 5397.78 7477.63 2527.25 2527.25 2527.25 2527.25 2827.4
-9999 -9999 429.05 5103.05 1887.05 1887.05 1574.96 1574.96 1574.96 2632.32 2632.32 6195.6 6195.6 6195.6 -9999 -9999 -9999 -9999 -9999 -9999 0 0 1949.45 1309.31 1309.31 2701.87 2701.87 0 0 2572.11 2572.11 3797.07 3797.07 925.14 925.14 1204.9 195.08 513.28 204.54 10782.39 10782.39 1806.55 1806.55 1806.55 1806.55 1106.34 1106.34 1106.34 1106.34 1645.44 1645.44 1203.36 1203.36 2087.26 2087.26 2087.26 2087.26 10603.46 10603.46 6412.19 6412.19 6412.19 6907.59 6907.59 6907.59 1244.43 1244.43 9202.97 9202.97 7477.63 7477.63 7477.63 2527.25 2527.25 2527.25 2827.4
151.38 -9999 0.57 5103.05 2541.48 2541.48 6069.08 1574.96 1574.96 2632.32 2632.32 6195.6 6195.6 -9999 -9999 -9999 -9999 -9999 -9999 -9999 -9999 0 1949.45 1309.31 1309.31 2701.87 2701.87 0 0 2572.11 2572.11 3797.07 3797.07 925.14 192.21 1204.9 195.08 513.28 204.54 10782.39 1806.55 1806.55 1806.55 1806.55 1806.55 1106.34 1106.34 1106.34 1106.34 1645.44 1645.44 1203.36 1203.36 2087.26 2087.26 953.5 1124.76 6412.19 6412.19 6412.19 6412.19 6412.19 6907.59 6907.59 1244.43 1244.43 1244.43 3973.95 3973.95 7477.63 7477.63 7477.63 2527.25 7477.63 7477.63 81.77
-9999 -9999 5103.05 5103.05 2541.48 3913.22 6069.08 6069.08 6069.08 6565.56 6565.56 424.01 424.01 -9999 -9999 -9999 -9999 -9999 -9999 -9999 -9999 -9999 -9999 0 1249.22 1249.22 1249.22 0 0 0 2572.11 3892.07 3892.07 40.23 40.23 262.88 1983.73 1983.73 859.3 1616.25 1616.25 1616.25 370.09 370.09 370.09 1106.34 1106.34 1106.34 1645.44 1645.44 824.5 824.5 824.5 953.5 953.5 953.5 1124.76 6412.19 6412.19 6412.19 6412.19 6412.19 6907.59 6907.59 674.23 674.23 3973.95 3973.95 3973.95 7477.63 7477.63 7477.63 7477.63 7477.63 7477.63 268.12
-9999 5102.76 5102.76 11899.37 2541.48 3913.22 6069.08 6069.08 6069.08 3119.31 3119.31 424.01 -9999 -9999 -9999 -9999 -9999 -9999 -9999 -9999 -9999 -9999 -9999 -9999 -9999 -9999 1249.22 0 0 2572.11 664.44 1527.8 1527.8 1305.69 86.44 100.26 3662.66 145.9 2.84 1616.25 1616.25 702.99 702.99 702.99 370.09 588.53 588.53 588.53 1053.78 1053.78 824.5 824.5 953.5 953.5 983.66 983.66 1124.76 1124.76 6412.19 6412.19 6412.19 5096.54 6907.59 6907.59 674.23 674.23 3973.95 3973.95 3973.95 7477.63 7477.63 7477.63 7477.63 7477.63 1936.85 268.12
-9999 5102.76 5102.76 11899.37 2541.48 2541.48 1457.91 458.89 458.89 485.59 -9999 -9999 -9999 -9999 -9999 -9999 -9999 -9999 -9999 -9999 -9999 -9999 -9999 -9999 -9999 -9999 -9999 664.44 664.44 664.44 664.44 1527.8 1527.8 1305.69 42.78 100.26 1050.04 1050.04 171.05 171.05 702.99 702.99 702.99 702.99 588.53 588.53 588.53 588.53 1053.78 1053.78 2934.38 2934.38 391.65 983.66 983.66 983.66 1124.76 1124.76 1124.76 5096.54 5096.54 5096.54 5096.54 5096.54 5096.54 5096.54 3973.95 3973.95 3973.95 1936.85 1936.85 1936.85 1936.85 1936.85 1936.85 268.12
-9999 191.54 934.76 934.76 859.73 859.73 458.98 155.58 155.58 -9999 -9999 -9999 -9999 -9999 -9999 -9999 -9999 -9999 -9999 -9999 -9999 -9999 -9999 -9999 -9999 -9999 -9999 664.44 690.19 690.19 690.19 1068.86 1068.86 1106.43 2698.03 102.31 5430.45 3764.13 3764.13 3764.13 702.99 702.99 702.99 702.99 1044.73 536.91 586.53 588.53 2631.35 2631.35 2934.38 2934.38 391.65 784.77 983.66 983.66 1615.31 1124.76 1124.76 5096.54 5096.54 5096.54 5096.54 5096.54 5096.54 5096.54 3973.95 3973.95 3973.95 1936.85 1936.85 1936.85 1936.85 1936.85 1936.85 125.53
191.54 191.54 1062.7 2694.89 7.97 7.97 458.98 155.58 155.58 943.11 -9999 -9999 -9999 -9999 -9999 -9999 -9999 -9999 -9999 -9999 -9999 -9999 -9999 -9999 -9999 -9999 -9999 -9999 149.19 149.19 50.82 569.91 569.91 1106.43 209.6 1069.16 676.24 3764.13 3764.13 1466.66 1466.66 1466.66 1466.66 1044.73 536.91 536.91 586.53 586.53 796.37 2631.35 2934.38 2934.38 391.65 784.77 784.77 784.77 1615.31 1615.31 1615.31 5096.54 5096.54 5096.54 5096.54 5096.54 5096.54 5096.54 3973.95 3973.95 3973.95 1936.85 1936.85 1936.85 1936.85 1936.85 1936.85 125.53
191.54 191.54 105.23 2694.89 7.97 7.97 974.41 912.25 912.25 943.11 943.11 -9999 -9999 -9999 -9999 -9999 -9999 -9999 -9999 -9999 -9999 -9999 -9999 -9999 -9999 -9999 -9999 -9999 149.19 149.19 50.82 11.13 11.13 4.97 -9999 1069.16 676.24 3764.13 636.6 1466.66 1466.66 1466.66 1466.66 1376.06 536.91 536.91 586.53 586.53 796.37 796.37 2393.01 2393.01 23.49 23.49 892.81 892.81 470.13 277.16 277.16 1236.03 1236.03 1236.03 1236.03 1236.03 4327.32 4327.32 4327.32 4327.32 4327.32 4327.32 4327.32 4327.32 1936.85 1936.85 1936.85 13743.62
408.5 408.5 278.32 96.36 7.97 7.97 974.41 912.25 912.25 2642.75 2642.75 2642.75 777.57 -9999 -9999 -9999 -9999 -9999 -9999 -9999 -9999 -9999 -9999 -9999 -9999 -9999 -9999 -9999 176.78 176.78 470.43 680.11 -9999 -9999 -9999 1069.16 1069.16 3764.13 636.6 636.6 636.6 11325.07 11325.07 11325.07 2257.08 2257.08 1051.84 1051.84 657.65 2515.05 2515.05 2515.05 856.27 856.27 248.88 248.88 1254.17 1254.17 1254.17 1236.03 1236.03 1236.03 1236.03 1236.03 4327.32 4327.32 4327.32 4327.32 4327.32 4327.32 4327.32 4327.32 4327.32 4327.32 4327.32 1452.36
455.55 367.72 367.72 271.03 114.66 114.66 0 3094.22 144.06 4439.63 5939.65 5939.65 777.57 777.57 777.57 777.57 777.57 777.57 777.57 -9999 -9999 -9999 -9999 -9999 -9999 -9999 -9999 -9999 176.78 176.78 470.43 680.11 -9999 -9999 -9999 1069.16 1069.16 3764.13 3764.13 636.6 636.6 11325.07 11325.07 11325.07 2257.08 2257.08 1051.84 2203.02 2203.02 2515.05 2515.05 2515.05 856.27 856.27 248.88 248.88 1254.17 1254.17 1254.17 1236.03 1236.03 1236.03 1236.03 1236.03 4327.32 4327.32 4327.32 4327.32 4327.32 4327.32 4327.32 4327.32 4327.32 4327.32 4327.32 1452.36
455.55 1528.56 367.72 271.03 114.66 114.66 1137.11 144.06 144.06 4439.63 5939.65 5939.65 777.57 777.57 777.57 777.57 777.57 777.57 -9999 -9999 -9999 -9999 -9999 -9999 -9999 -9999 -9999 -9999 555.51 387.78 229.32 123.53 -9999 -9999 -9999 -9999 -9999 -9999 636.6 636.6 636.6 11325.07 11325.07 11325.07 2391.79 2257.08 2257.08 2203.02 205.64 1969.24 301.38 1969.24 406.66 406.66 248.88 248.88 5948.33 5948.33 5948.33 1236.03 1236.03 1236.03 1236.03 1236.03 4327.32 4327.32 4327.32 4327.32 4327.32 4327.32 4327.32 4327.32 4327.32 4327.32 4327.32 1452.36
455.55 1528.56 0 36.57 1061.24 1061.24 1061.24 1061.24 1061.24 957.92 792.37 792.37 792.37 792.37 6.41 6.41 6.41 2047.84 -9999 -9999 -9999 -9999 -9999 -9999 -9999 -9999 -9999 555.51 642.98 1033.55 84.2 500.31 388.01 -9999 -9999 -9999 -9999 -9999 -9999 -9999 636.6 636.6 636.6 636.6 2391.79 2391.79 440.95 2203.02 205.64 1969.24 1969.24 1969.24 406.66 406.66 248.88 248.88 5948.33 5948.33 5948.33 1236.03 638.14 638.14 1236.03 1236.03 4327.32 4327.32 4327.32 4327.32 4327.32 4327.32 4327.32 4327.32 4327.32 4327.32 4327.32 1452.36
1528.56 1528.56 0 175.3 173.75 173.75 173.75 718.14 718.14 957.92 792.37 792.37 792.37 792.37 6.41 6.41 6.41 2047.84 896.93 -9999 -9999 -9999 -9999 -9999 -9999 -9999 -9999 -9999 642.98 1033.55 84.2 500.31 388.01 -9999 -9999 -9999 -9999 -9999 -9999 -9999 -9999 636.6 636.6 636.6 2391.79 2391.79 440.95 440.95 780.27 22.54 425.54 425.54 4028.43 4028.43 1295.93 1295.93 101.78 638.14 638.14 638.14 638.14 1236.03 1236.03 1236.03 4327.32 4327.32 4327.32 4327.32 4327.32 4327.32 4327.32 4327.32 4327.32 4327.32 4327.32 1452.36
209.3 209.3 632.82 632.82 173.75 39.15 39.15 718.14 718.14 957.92 957.92 792.37 792.37 792.37 6.41 6.41 6.41 2047.84 896.93 896.93 -9999 -9999 -9999 -9999 -9999 -9999 -9999 -9999 642.98 66.62 66.62 1360.27 1360.27 -9999 -9999 -9999 -9999 -9999 -9999 -9999 -9999 636.6 636.6 636.6 2391.79 2391.79 440.95 440.95 780.27 22.54 1760.78 1825.69 4028.43 4028.43 1295.93 1295.93 101.78 101.78 638.14 638.14 638.14 353.09 1236.03 1236.03 4327.32 4327.32 4327.32 4327.32 446.51 446.51 446.51 4327.32 4327.32 4327.32 4327.32 1452.36
10.79 954.89 101.56 101.56 110.08 39.15 39.15 39.15 1680.38 55.33 3095.63 792.37 333.71 792.37 6.41 6.41 6.41 2047.84 362.02 362.02 362.02 -9999 -9999 -9999 -9999 -9999 -9999 -9999 382.49 66.62 465.34 1360.27 -9999 -9999 -9999 -9999 -9999 -9999 -9999 -9999 -9999 636.6 636.6 636.6 2391.79 2391.79 440.95 440.95 1760.78 22.54 1760.78 1825.69 1825.69 4028.43 883.05 883.05 883.05 101.78 353.09 353.09 353.09 353.09 353.09 353.09 84.12 84.12 4327.32 446.51 446.51 446.51 446.51 446.51 446.51 446.51 446.51 1452.36
10.79 954.89 101.56 101.56 110.08 15.62 39.15 1680.38 1680.38 55.33 3095.63 3095.63 333.71 333.71 6.41 6.41 6.77 1827.72 362.02 362.02 362.02 362.02 -9999 -9999 -9999 -9999 382.49 382.49 382.49 465.34 465.34 465.34 465.34 -9999 -9999 -9999 -9999 -9999 -9999 -9999 -9999 636.6 4165.32 636.6 2391.79 2391.79 440.95 2580.85 1760.78 1760.78 1760.78 1825.69 1825.69 4028.43 353.09 353.09 353.09 353.09 353.09 353.09 194.95 353.09 353.09 353.09 84.12 84.12 446.51 446.51 446.51 446.51 446.51 446.51 446.51 446.51 446.51 1452.36
343.65 954.89 1.65 1.65 110.08 15.62 15.62 1680.38 1680.38 55.33 1523.35 1523.35 1730.07 333.71 280.05 6.77 6.77 1827.72 362.02 237.28 362.02 362.02 -9999 -9999 -9999 -9999 0 382.49 465.34 465.34 465.34 465.34 465.34 465.34 -9999 -9999 -9999 -9999 -9999 -9999 -9999 4165.32 4165.32 1133.35 1133.35 1133.35 16.13 16.13 2675.83 2675.83 729.95 729.95 729.95 729.95 771.19 771.19 771.19 771.19 194.95 194.95 194.95 84.12 84.12 353.09 84.12 84.12 446.51 446.51 446.51 446.51 446.51 446.51 446.51 446.51 446.51 1452.36
772.95 772.95 85.77 353.52 15.29 15.29 595.19 595.19 595.19 825.44 825.44 825.44 1730.07 280.05 280.05 1914.87 225.44 224.56 237.28 237.28 237.28 362.02 -9999 -9999 -9999 -9999 -9999 -9999 465.34 465.34 465.34 465.34 465.34 465.34 -9999 -9999 -9999 -9999 -9999 -9999 -9999 -9999 4165.32 4420.19 4420.19 1133.35 16.13 16.13 2675.83 2675.83 729.95 729.95 729.95 729.95 729.95 771.19 771.19 194.95 194.95 771.19 771.19 84.12 84.12 84.12 84.12 84.12 446.51 446.51 446.51 446.51 446.51 446.51 446.51 446.51 446.51 1.35
772.95 772.95 85.77 353.52 353.52 15.29 213.63 595.19 595.19 8.72 18.37 18.37 42.48 42.48 280.05 1914.87 225.44 224.56 237.28 237.28 367.61 362.02 362.02 -9999 -9999 -9999 -9999 -9999 -9999 -9999 465.34 465.34 465.34 465.34 -9999 -9999 -9999 -9999 -9999 -9999 -9999 -9999 4165.32 4420.19 4420.19 4420.19 1312.24 1312.24 2675.83 2675.83 729.95 205.4 205.4 205.4 205.4 205.4 771.19 771.19 771.19 771.19 771.19 84.12 84.12 84.12 84.12 84.12 446.51 446.51 446.51 446.51 446.51 446.51 446.51 446.51 446.51 1.35
184.41 79.05 79.05 0 0 660.09 0.11 0.11 1735.19 11.58 18.37 18.37 1018.45 1018.45 28.49 12.03 12.03 428.82 1047.68 1047.68 367.61 367.61 367.61 -9999 -9999 -9999 -9999 -9999 -9999 -9999 -9999 -9999 -9999 465.34 -9999 -9999 -9999 -9999 -9999 -9999 -9999 4165.32 4165.32 4420.19 4420.19 4420.19 1312.24 1312.24 2675.83 2675.83 2675.83 205.4 205.4 5498.19 5498.19 205.4 771.19 771.19 771.19 771.19 771.19 84.12 84.12 84.12 84.12 84.12 446.51 446.51 446.51 446.51 446.51 446.51 446.51 446.51 446.51 1.35
184.41 0 0 0 0 660.09 221.41 660.09 1735.19 11.58 18.37 18.37 1018.45 1018.45 28.49 12.03 12.03 428.82 1047.68 1047.68 74.5 367.61 -9999 -9999 -9999 -9999 -9999 -9999 -9999 -9999 -9999 -9999 -9999 -9999 -9999 -9999 -9999 -9999 -9999 -9999 -9999 4165.32 4165.32 4165.32 4420.19 4420.19 1312.24 1312.24 1318.87 1318.87 1318.87 1318.87 5498.19 5498.19 5498.19 5498.19 5498.19 5498.19 84.12 84.12 84.12 84.12 84.12 84.12 84.12 84.12 446.51 446.51 446.51 446.51 446.51 446.51 446.51 446.51 446.51 1.35
-9999 -9999 0.01 0.01 0 361.88 361.88 361.88 221.41 393.5 46.77 692.18 692.18 692.18 47.97 313.27 31.16 0.01 321.95 321.95 74.5 -9999 -9999 -9999 -9999 -9999 -9999 -9999 -9999 -9999 -9999 -9999 -9999 -9999 -9999 -9999 -9999 -9999 -9999 4165.32 4165.32 4165.32 4165.32 4165.32 4420.19 4420.19 1312.24 1312.24 1318.87 2648.7 2648.7 2648.7 5498.19 5498.19 5498.19 5498.19 5498.19 84.12 84.12 84.12 84.12 84.12 84.12 84.12 84.12 84.12 446.51 446.51 446.51 446.51 446.51 446.51 446.51 446.51 446.51 1.35
-9999 -9999 -9999 0.01 7.86 361.88 361.88 361.88 18293.76 18293.76 1027.34 1520.43 1520.43 1520.43 616.47 313.27 31.16 228.46 228.46 321.95 -9999 -9999 -9999 -9999 -9999 -9999 -9999 -9999 -9999 -9999 -9999 -9999 -9999 -9999 -9999 -9999 -9999 -9999 -9999 4165.32 4165.32 4165.32 4165.32 4420.19 4420.19 1312.24 1312.24 1318.87 1318.87 2648.7 2648.7 1339.67 5498.19 5498.19 5498.19 5498.19 84.12 84.12 84.12 84.12 84.12 84.12 84.12 84.12 84.12 84.12 446.51 446.51 446.51 446.51 446.51 446.51 446.51 446.51 446.51 1.35
