relPrimaryInf.txt
ncols	732
nrows	672
xllcorner	-134972.016799927
yllcorner	2776775.76870155
cellsize	1000
NODATA_value	-9999
[rows 204 to 237 of 672, columns 532 to 607 of 732]
28.17 28.17 28.17 28.17 28.17 28.17 28.17 28.17 28.17 28.17 28.17 28.17 28.17 28.17 28.17 28.17 1897.87 0 0 0 0 0 0 0 0 0 0 0 0 0 0 0 0 0 0 0 0 4224.3 4224.3 4224.3 4224.3 4224.3 4224.3 4224.3 4224.3 4224.3 4224.3 4224.3 4224.3 4224.3 4224.3 4224.3 4224.3 4224.3 4224.3 4629.54 4629.54 4629.54 4629.54 4629.54 4629.54 4629.54 0 0 0 0 0 0 0 0 0 0 0 429.66 429.66 429.66
28.17 28.17 28.17 28.17 28.17 28.17 28.17 28.17 28.17 28.17 28.17 28.17 28.17 28.17 28.17 1897.87 1897.87 0 0 0 0 0 0 0 0 0 0 0 0 0 0 0 0 0 0 0 0 4224.3 4224.3 4224.3 4224.3 4224.3 4224.3 4224.3 4224.3 4224.3 4224.3 4224.3 4224.3 4224.3 4224.3 4224.3 4224.3 4224.3 4224.3 4629.54 4629.54 4629.54 4629.54 4629.54 4629.54 4629.54 0 0 0 0 0 0 0 0 0 0 0 429.66 429.66 429.66
28.17 28.17 28.17 28.17 28.17 28.17 28.17 28.17 28.17 28.17 28.17 28.17 28.17 28.17 28.17 1897.87 1897.87 0 0 0 0 0 0 0 0 0 0 0 0 0 0 0 0 0 0 0 0 0 4224.3 4224.3 4224.3 4224.3 4224.3 4224.3 4224.3 4224.3 4224.3 4224.3 4224.3 4224.3 4224.3 4224.3 4224.3 4224.3 4224.3 4629.54 4629.54 4629.54 4629.54 4629.54 4629.54 4629.54 0 0 0 0 0 0 0 0 0 0 429.66 429.66 429.66 429.66
28.17 28.17 28.17 28.17 28.17 28.17 28.17 28.17 62.92 62.92 62.92 62.92 28.17 28.17 1897.87 1897.87 1897.87 0 0 0 0 0 0 0 0 0 0 0 0 0 0 0 0 0 0 0 0 0 0 4224.3 4224.3 4224.3 4224.3 4224.3 4224.3 4224.3 4224.3 4224.3 4224.3 4224.3 4224.3 4224.3 4224.3 4224.3 4224.3 4224.3 4629.54 4629.54 4629.54 4629.54 4629.54 4629.54 0 0 0 0 0 0 0 0 0 0 429.66 429.66 429.66 429.66
28.17 28.17 28.17 28.17 28.17 28.17 28.17 28.17 62.92 62.92 62.92 62.92 1897.87 1897.87 1897.87 1897.87 1897.87 0 0 0 0 0 0 0 0 0 0 0 0 0 0 0 0 0 0 0 0 0 0 0 4224.3 4224.3 4224.3 4224.3 4224.3 4224.3 4224.3 4224.3 4224.3 4224.3 4224.3 4224.3 4224.3 4224.3 4224.3 4224.3 4629.54 4629.54 4629.54 4629.54 4629.54 4629.54 0 0 0 0 0 0 0 0 0 429.66 429.66 429.66 429.66 429.66
668.03 62.92 62.92 62.92 62.92 62.92 62.92 62.92 62.92 62.92 62.92 62.92 1897.87 1897.87 1897.87 1897.87 1897.87 0 0 0 0 0 0 0 0 0 0 0 0 0 0 0 0 0 0 0 0 0 0 0 4224.3 4224.3 4224.3 4224.3 4224.3 4224.3 4224.3 4224.3 4224.3 4224.3 4224.3 4224.3 4224.3 4224.3 4224.3 4224.3 4224.3 4629.54 4629.54 4629.54 4629.54 4629.54 0 0 0 0 0 0 0 0 0 429.66 429.66 429.66 429.66 429.66
668.03 62.92 62.92 62.92 62.92 62.92 62.92 62.92 62.92 62.92 62.92 62.92 1897.87 1897.87 1897.87 1897.87 1897.87 1897.87 1897.87 0 0 0 0 0 0 0 0 0 0 0 0 0 0 0 0 0 0 0 0 0 0 4224.3 4224.3 4224.3 4224.3 4224.3 4224.3 4224.3 4224.3 4224.3 4224.3 4224.3 4224.3 4224.3 4224.3 4224.3 4224.3 4629.54 4629.54 4629.54 4629.54 4629.54 0 0 0 0 0 0 0 0 429.66 429.66 429.66 429.66 429.66 429.66
668.03 62.92 62.92 62.92 62.92 62.92 62.92 62.92 62.92 62.92 1897.87 1897.87 1897.87 1897.87 1897.87 1897.87 1897.87 1897.87 1897.87 1897.87 1897.87 1897.87 1897.87 1897.87 1897.87 1897.87 1897.87 1897.87 1897.87 1897.87 1897.87 1897.87 1897.87 1897.87 1897.87 1897.87 1897.87 1897.87 1897.87 1897.87 1897.87 4224.3 4224.3 4224.3 4224.3 4224.3 4224.3 4224.3 4224.3 4224.3 4224.3 4224.3 4224.3 4224.3 4224.3 4224.3 4224.3 4629.54 4629.54 4629.54 4629.54 4629.54 0 0 0 0 0 0 0 0 0 429.66 429.66 429.66 429.66 429.66
668.03 62.92 62.92 62.92 62.92 62.92 62.92 62.92 62.92 1897.87 1897.87 1897.87 1897.87 1897.87 1897.87 1897.87 1897.87 1897.87 1897.87 1897.87 1897.87 1897.87 1897.87 1897.87 1897.87 1897.87 1897.87 1897.87 1897.87 1897.87 1897.87 1897.87 1897.87 1897.87 1897.87 1897.87 1897.87 1897.87 1897.87 1897.87 1897.87 4224.3 4224.3 4224.3 4224.3 4224.3 4224.3 4224.3 4224.3 4224.3 4224.3 4224.3 4224.3 4224.3 4224.3 4224.3 4224.3 4629.54 4629.54 4629.54 4629.54 4629.54 4629.54 4629.54 4629.54 4629.54 4629.54 4629.54 4629.54 4629.54 4629.54 4629.54 87.59 87.59 87.59 87.59
668.03 62.92 62.92 62.92 62.92 62.92 62.92 62.92 62.92 1897.87 1897.87 1897.87 1897.87 1897.87 1897.87 1897.87 1897.87 1897.87 1897.87 1897.87 1897.87 1897.87 1897.87 1897.87 1897.87 1897.87 1897.87 1897.87 1897.87 1897.87 1897.87 1897.87 1897.87 1897.87 1897.87 1897.87 1897.87 1897.87 1897.87 1897.87 1897.87 4224.3 4224.3 4224.3 4224.3 4224.3 4224.3 4224.3 4224.3 4224.3 4224.3 4224.3 4224.3 4224.3 4224.3 4224.3 4224.3 4224.3 4629.54 4629.54 4629.54 4629.54 4629.54 4629.54 4629.54 4629.54 4629.54 4629.54 4629.54 4629.54 4629.54 4629.54 87.59 87.59 87.59 87.59
62.92 62.92 62.92 62.92 62.92 62.92 62.92 62.92 62.92 1897.87 1897.87 1897.87 1897.87 1897.87 1897.87 1897.87 1897.87 1897.87 1897.87 1897.87 1897.87 1897.87 1897.87 1897.87 1897.87 1897.87 1897.87 1897.87 1897.87 1897.87 1897.87 1897.87 1897.87 1897.87 1897.87 1897.87 1897.87 1897.87 1897.87 1897.87 1897.87 620.73 4224.3 4224.3 4224.3 4224.3 4224.3 4224.3 4224.3 4224.3 4224.3 4224.3 4224.3 4224.3 4224.3 4224.3 4224.3 4224.3 4629.54 4629.54 4629.54 4629.54 4629.54 4629.54 4629.54 4629.54 4629.54 4629.54 4629.54 4629.54 4629.54 4629.54 87.59 87.59 87.59 87.59
62.92 62.92 62.92 62.92 62.92 62.92 62.92 1897.87 1897.87 1897.87 1897.87 1897.87 1897.87 1897.87 1897.87 1897.87 1897.87 1897.87 1897.87 1897.87 1897.87 1897.87 1897.87 1897.87 1897.87 1897.87 1897.87 1897.87 1897.87 1897.87 1897.87 1897.87 1897.87 1897.87 1897.87 1897.87 1897.87 1897.87 1897.87 1897.87 1897.87 620.73 620.73 4224.3 4224.3 4224.3 4224.3 4224.3 4224.3 4224.3 4224.3 4224.3 4224.3 4224.3 4224.3 4224.3 4224.3 4224.3 4629.54 4629.54 4629.54 4629.54 4629.54 4629.54 4629.54 4629.54 4629.54 4629.54 4629.54 4629.54 4629.54 4629.54 4629.54 87.59 809.89 809.89
62.92 62.92 62.92 62.92 62.92 62.92 62.92 1897.87 1897.87 1897.87 1897.87 1897.87 1897.87 1897.87 1897.87 1897.87 1897.87 1897.87 1897.87 1897.87 1897.87 1897.87 1897.87 1897.87 1897.87 1897.87 1897.87 1897.87 1897.87 1897.87 1897.87 1897.87 1897.87 1897.87 1897.87 1897.87 1897.87 1897.87 1897.87 1897.87 1897.87 620.73 620.73 4224.3 4224.3 4224.3 4224.3 4224.3 4224.3 4224.3 4224.3 4224.3 4224.3 4224.3 4224.3 4224.3 4224.3 4224.3 4629.54 4629.54 4629.54 4629.54 4629.54 4629.54 4629.54 4629.54 4629.54 4629.54 4629.54 4629.54 4629.54 4629.54 4629.54 809.89 809.89 809.89
62.92 62.92 62.92 62.92 62.92 62.92 7.39 7.39 7.39 7.39 7.39 1897.87 1897.87 1897.87 1897.87 1897.87 1897.87 1897.87 1897.87 1897.87 1897.87 1897.87 1897.87 1897.87 1897.87 1897.87 1897.87 1897.87 1897.87 1897.87 1897.87 1897.87 1897.87 1897.87 1897.87 1897.87 1897.87 1897.87 1897.87 1897.87 1897.87 620.73 620.73 4224.3 4224.3 4224.3 4224.3 4224.3 4224.3 4224.3 4224.3 4224.3 4224.3 4224.3 4224.3 4224.3 4224.3 4224.3 4224.3 4629.54 4629.54 4629.54 4629.54 4629.54 4629.54 4629.54 4629.54 4629.54 4629.54 4629.54 4629.54 4629.54 4629.54 809.89 809.89 809.89
229.08 62.92 62.92 62.92 62.92 62.92 7.39 7.39 7.39 7.39 7.39 7.39 7.39 7.39 1897.87 1897.87 1897.87 1897.87 1897.87 1897.87 1897.87 1897.87 1897.87 1897.87 1897.87 1897.87 1897.87 1897.87 1897.87 1897.87 1897.87 1897.87 1897.87 1897.87 1897.87 1897.87 1897.87 1897.87 1897.87 1897.87 1897.87 620.73 620.73 620.73 620.73 4224.3 620.73 620.73 4224.3 4224.3 4224.3 4224.3 4224.3 4224.3 4224.3 4224.3 4224.3 4224.3 4224.3 4224.3 4629.54 4629.54 4629.54 4629.54 4629.54 4629.54 4629.54 4629.54 4629.54 4629.54 4629.54 4629.54 4629.54 4629.54 809.89 809.89
229.08 79.51 79.51 79.51 62.92 62.92 7.39 7.39 7.39 7.39 7.39 7.39 7.39 7.39 7.39 1897.87 1897.87 1897.87 1897.87 1897.87 1897.87 1897.87 1897.87 1897.87 1897.87 1897.87 1897.87 1897.87 1897.87 1897.87 1897.87 1897.87 1897.87 1897.87 1897.87 1897.87 1897.87 1897.87 1897.87 1897.87 1897.87 620.73 620.73 620.73 620.73 620.73 620.73 620.73 620.73 4224.3 4224.3 4224.3 4224.3 4224.3 4224.3 4224.3 4224.3 4224.3 4224.3 4224.3 4224.3 4224.3 4629.54 4629.54 4629.54 4629.54 4629.54 4629.54 4629.54 4629.54 4629.54 4629.54 4629.54 4629.54 809.89 809.89
1271.43 79.51 79.51 79.51 79.51 79.51 79.51 7.39 7.39 7.39 7.39 7.39 7.39 7.39 7.39 7.39 7.39 1897.87 1897.87 1897.87 1897.87 1897.87 1897.87 1897.87 1897.87 1897.87 1897.87 1897.87 1897.87 1897.87 1897.87 1897.87 1897.87 1897.87 1897.87 1897.87 1897.87 1897.87 1897.87 1897.87 1897.87 620.73 620.73 620.73 620.73 620.73 620.73 620.73 620.73 620.73 4224.3 4224.3 4224.3 4224.3 4224.3 4224.3 4224.3 4224.3 4224.3 4224.3 4224.3 4224.3 4224.3 4629.54 4629.54 4629.54 4629.54 4629.54 4629.54 4629.54 4629.54 4629.54 4629.54 4629.54 4629.54 809.89
1271.43 17.98 79.51 79.51 79.51 79.51 79.51 7.39 7.39 7.39 7.39 7.39 7.39 7.39 7.39 7.39 7.39 7.39 7.39 7.39 7.39 7.39 7.39 7.39 7.39 7.39 7.39 7.39 7.39 1897.87 1897.87 1897.87 1897.87 1897.87 1897.87 1897.87 1897.87 1897.87 1897.87 1897.87 1897.87 620.73 620.73 620.73 620.73 620.73 620.73 620.73 620.73 620.73 620.73 4224.3 4224.3 4224.3 4224.3 4224.3 4224.3 4224.3 4224.3 4224.3 4224.3 4224.3 4224.3 4224.3 4629.54 4629.54 4629.54 4629.54 4629.54 4629.54 4629.54 4629.54 4629.54 4629.54 4629.54 4629.54
1271.43 17.98 1480.59 79.51 79.51 79.51 79.51 7.39 7.39 7.39 7.39 7.39 7.39 7.39 7.39 7.39 7.39 7.39 7.39 7.39 7.39 7.39 7.39 7.39 7.39 7.39 7.39 7.39 7.39 1897.87 1897.87 1897.87 1897.87 1897.87 1897.87 1897.87 1897.87 1897.87 1897.87 1897.87 1897.87 620.73 620.73 620.73 620.73 620.73 620.73 620.73 620.73 620.73 620.73 620.73 4224.3 4224.3 4224.3 4224.3 4224.3 4224.3 4224.3 4224.3 4224.3 4224.3 4224.3 4224.3 4224.3 4629.54 4629.54 4629.54 4629.54 4629.54 4629.54 4629.54 4629.54 4629.54 4629.54 4629.54
17.98 1480.59 1480.59 79.51 79.51 79.51 79.51 79.51 7.39 7.39 7.39 7.39 7.39 7.39 7.39 7.39 7.39 7.39 7.39 7.39 7.39 7.39 7.39 7.39 7.39 7.39 7.39 7.39 7.39 1897.87 1897.87 1897.87 1897.87 1897.87 1897.87 1897.87 1897.87 1897.87 1897.87 1897.87 1897.87 620.73 620.73 620.73 620.73 620.73 620.73 620.73 620.73 620.73 620.73 620.73 4224.3 4224.3 4224.3 4224.3 4224.3 4224.3 4224.3 4224.3 4224.3 4224.3 4224.3 4224.3 4224.3 4224.3 4629.54 4629.54 4629.54 4629.54 4629.54 4629.54 4629.54 4629.54 4629.54 4629.54
1480.59 1480.59 1480.59 79.51 79.51 79.51 79.51 79.51 79.51 79.51 7.39 7.39 7.39 7.39 7.39 7.39 7.39 7.39 7.39 7.39 7.39 7.39 7.39 7.39 7.39 7.39 7.39 7.39 7.39 1897.87 1897.87 1897.87 1897.87 1897.87 1897.87 1897.87 1897.87 1897.87 1897.87 1897.87 1897.87 620.73 620.73 620.73 620.73 620.73 620.73 620.73 620.73 620.73 620.73 620.73 620.73 4224.3 4224.3 4224.3 4224.3 4224.3 4224.3 4224.3 4224.3 4224.3 4224.3 4224.3 4224.3 4224.3 4224.3 4629.54 4629.54 4629.54 4629.54 4629.54 4629.54 4629.54 4629.54 4629.54
654.18 1480.59 1480.59 1480.59 1480.59 79.51 79.51 79.51 79.51 79.51 7.39 7.39 7.39 7.39 7.39 7.39 0 0 7.39 7.39 7.39 7.39 7.39 7.39 7.39 7.39 7.39 7.39 7.39 1759.25 1759.25 1759.25 1759.25 1759.25 1759.25 1759.25 1759.25 1759.25 1759.25 1897.87 1897.87 620.73 620.73 620.73 620.73 620.73 620.73 620.73 620.73 620.73 620.73 620.73 620.73 4224.3 4224.3 4224.3 4224.3 4224.3 4224.3 4224.3 4224.3 4224.3 4224.3 4224.3 4224.3 4224.3 4224.3 4224.3 4629.54 4629.54 4629.54 4629.54 4629.54 4629.54 4629.54 4629.54
654.18 654.18 1480.59 1480.59 1480.59 1480.59 79.51 79.51 79.51 79.51 79.51 7.39 7.39 7.39 7.39 7.39 7.39 0 0 7.39 7.39 7.39 7.39 7.39 7.39 7.39 7.39 7.39 7.39 1759.25 1759.25 1759.25 1759.25 1759.25 1759.25 1759.25 1759.25 1759.25 1759.25 1759.25 1759.25 620.73 620.73 620.73 620.73 620.73 620.73 620.73 620.73 620.73 620.73 620.73 620.73 620.73 4224.3 4224.3 4224.3 4224.3 4224.3 4224.3 4224.3 4224.3 4224.3 4224.3 450.53 450.53 450.53 450.53 9625.22 9625.22 9625.22 9625.22 9625.22 4629.54 9625.22 4629.54
864.01 654.18 654.18 1480.59 1480.59 79.51 79.51 79.51 79.51 79.51 79.51 7.39 7.39 7.39 7.39 7.39 0 0 0 7.39 7.39 7.39 7.39 7.39 7.39 7.39 7.39 7.39 7.39 1759.25 1759.25 1759.25 1759.25 1759.25 1759.25 1759.25 1759.25 1759.25 1759.25 1759.25 1759.25 620.73 620.73 620.73 620.73 620.73 620.73 620.73 620.73 620.73 620.73 620.73 620.73 620.73 4224.3 4224.3 4224.3 4224.3 4224.3 4224.3 4224.3 4224.3 4224.3 4224.3 450.53 450.53 450.53 450.53 9625.22 9625.22 9625.22 9625.22 9625.22 9625.22 9625.22 2464.26
864.01 864.01 654.18 654.18 1480.59 79.51 79.51 79.51 79.51 79.51 79.51 79.51 7.39 7.39 7.39 7.39 0 0 0 0 0 7.39 7.39 7.39 7.39 7.39 7.39 7.39 7.39 1759.25 1759.25 1759.25 1759.25 1759.25 1759.25 1759.25 1759.25 1759.25 1759.25 1759.25 1759.25 620.73 620.73 620.73 620.73 620.73 620.73 620.73 620.73 620.73 620.73 620.73 620.73 620.73 4224.3 4224.3 4224.3 450.53 4224.3 4224.3 450.53 4224.3 4224.3 450.53 450.53 450.53 450.53 450.53 9625.22 9625.22 9625.22 9625.22 9625.22 9625.22 2464.26 2464.26
864.01 864.01 864.01 864.01 654.18 1480.59 79.51 79.51 79.51 79.51 79.51 79.51 79.51 7.39 7.39 7.39 0 0 0 0 0 0 0 1759.25 1759.25 1759.25 1759.25 1759.25 1759.25 1759.25 1759.25 1759.25 1759.25 1759.25 1759.25 1759.25 1759.25 1759.25 1759.25 1759.25 1759.25 620.73 620.73 620.73 620.73 620.73 620.73 620.73 620.73 620.73 620.73 620.73 620.73 620.73 450.53 450.53 450.53 450.53 450.53 450.53 450.53 450.53 450.53 450.53 450.53 450.53 450.53 450.53 9625.22 9625.22 9625.22 9625.22 9625.22 9625.22 2464.26 2464.26
864.01 864.01 864.01 864.01 864.01 654.18 482.91 482.91 482.91 79.51 79.51 79.51 79.51 79.51 79.51 7.39 7.39 0 0 0 0 0 0 1759.25 1759.25 1759.25 1759.25 1759.25 1759.25 1759.25 1759.25 1759.25 1759.25 1759.25 1759.25 1759.25 1759.25 1759.25 1759.25 1759.25 1759.25 620.73 620.73 620.73 620.73 620.73 620.73 620.73 620.73 620.73 620.73 620.73 620.73 620.73 620.73 620.73 620.73 620.73 450.53 450.53 450.53 450.53 450.53 450.53 450.53 450.53 450.53 450.53 450.53 450.53 450.53 9625.22 4542.79 4542.79 2464.26 2464.26
151.2 151.2 864.01 864.01 864.01 864.01 864.01 482.91 482.91 482.91 79.51 79.51 79.51 79.51 79.51 79.51 79.51 0 0 0 0 0 0 0 1759.25 1759.25 1759.25 1759.25 1759.25 1759.25 1759.25 1759.25 1759.25 1759.25 1759.25 1759.25 1759.25 1759.25 1759.25 1759.25 1759.25 620.73 620.73 620.73 620.73 620.73 620.73 620.73 620.73 620.73 620.73 620.73 620.73 620.73 620.73 620.73 620.73 620.73 620.73 450.53 450.53 450.53 450.53 450.53 450.53 450.53 450.53 450.53 450.53 450.53 450.53 4542.79 4542.79 2464.26 2464.26 2464.26
151.2 151.2 864.01 864.01 864.01 864.01 1068.94 1068.94 295.51 482.91 79.51 79.51 79.51 79.51 79.51 295.51 295.51 295.51 0 0 0 0 0 0 1759.25 1759.25 1759.25 1759.25 1759.25 1759.25 1759.25 1759.25 1759.25 1759.25 1759.25 1759.25 1759.25 1759.25 1759.25 1759.25 1759.25 620.73 620.73 620.73 620.73 620.73 620.73 620.73 620.73 620.73 620.73 620.73 620.73 620.73 620.73 620.73 620.73 620.73 450.53 450.53 450.53 450.53 450.53 450.53 450.53 450.53 450.53 450.53 450.53 450.53 450.53 4542.79 4542.79 2464.26 2464.26 2464.26
151.2 151.2 1068.94 1068.94 1068.94 1068.94 1068.94 1068.94 295.51 295.51 295.51 79.51 79.51 79.51 295.51 295.51 295.51 295.51 295.51 0 0 0 0 0 1759.25 1759.25 1759.25 1759.25 1759.25 1759.25 1759.25 1759.25 1759.25 1759.25 1759.25 1759.25 1759.25 1759.25 1759.25 1759.25 1759.25 620.73 620.73 620.73 620.73 620.73 620.73 620.73 620.73 620.73 620.73 620.73 620.73 620.73 620.73 620.73 620.73 620.73 620.73 450.53 450.53 450.53 450.53 450.53 450.53 450.53 450.53 450.53 450.53 450.53 450.53 4542.79 4542.79 2464.26 2464.26 2464.26
448.63 1068.94 1068.94 1068.94 1068.94 1068.94 1068.94 1068.94 295.51 295.51 295.51 295.51 79.51 79.51 295.51 295.51 295.51 295.51 295.51 0 0 0 0 0 1759.25 1759.25 1759.25 1759.25 1759.25 1759.25 1759.25 1759.25 1759.25 1759.25 1759.25 1759.25 1759.25 1759.25 1759.25 1759.25 1759.25 620.73 620.73 620.73 620.73 620.73 620.73 620.73 620.73 620.73 620.73 620.73 620.73 620.73 620.73 620.73 620.73 620.73 620.73 620.73 450.53 450.53 450.53 450.53 450.53 450.53 450.53 450.53 450.53 450.53 450.53 4542.79 4542.79 2464.26 2464.26 2464.26
448.63 448.63 1068.94 1068.94 1068.94 1068.94 1068.94 295.51 295.51 295.51 295.51 295.51 295.51 295.51 295.51 295.51 295.51 295.51 295.51 0 0 0 0 0 1759.25 1759.25 1759.25 1759.25 1759.25 1759.25 1759.25 1759.25 1759.25 1759.25 1759.25 1759.25 1759.25 1759.25 1759.25 134.86 134.86 620.73 620.73 620.73 620.73 620.73 620.73 620.73 620.73 620.73 620.73 620.73 620.73 620.73 620.73 620.73 620.73 620.73 620.73 620.73 620.73 450.53 450.53 450.53 450.53 450.53 450.53 450.53 450.53 450.53 450.53 4542.79 4542.79 11.65 11.65 11.65
448.63 448.63 1068.94 1068.94 1068.94 1068.94 1068.94 295.51 295.51 295.51 621.27 621.27 621.27 621.27 295.51 295.51 295.51 295.51 295.51 295.51 0 0 1759.25 1759.25 1759.25 1759.25 1759.25 1759.25 1759.25 1759.25 1759.25 1759.25 1759.25 1759.25 1759.25 1759.25 1759.25 1759.25 1759.25 134.86 134.86 134.86 620.73 620.73 620.73 620.73 620.73 620.73 620.73 620.73 620.73 620.73 620.73 620.73 620.73 620.73 620.73 620.73 620.73 620.73 620.73 620.73 620.73 450.53 450.53 450.53 450.53 450.53 450.53 450.53 450.53 4542.79 1531.33 1531.33 1531.33 11.65
2226.97 2226.97 2226.97 1068.94 1068.94 1068.94 1068.94 621.27 621.27 295.51 621.27 621.27 621.27 621.27 621.27 295.51 295.51 295.51 295.51 295.51 0 0 1759.25 1759.25 1759.25 1759.25 1759.25 1759.25 1759.25 1759.25 1759.25 1759.25 1759.25 1759.25 1759.25 1759.25 1759.25 1759.25 1759.25 134.86 134.86 134.86 134.86 620.73 620.73 620.73 620.73 620.73 620.73 620.73 620.73 620.73 620.73 620.73 620.73 620.73 620.73 620.73 620.73 620.73 620.73 620.73 620.73 620.73 450.53 450.53 450.53 450.53 450.53 450.53 450.53 4542.79 1178.62 1178.62 2119.25 11.65
