relPrimaryInf.txt
ncols	732
nrows	672
xllcorner	-134972.016799927
yllcorner	2776775.76870155
cellsize	1000
NODATA_value	-9999
[rows 102 to 135 of 672, columns 532 to 607 of 732]
20.26 20.26 983.45 983.45 983.45 983.45 983.45 983.45 983.45 983.45 983.45 983.45 983.45 983.45 983.45 983.45 983.45 983.45 983.45 983.45 983.45 983.45 473.67 473.67 473.67 473.67 952.55 952.55 952.55 144.48 3069.02 1264.46 1264.46 1264.46 1264.46 28.09 28.09 28.09 28.09 28.09 10.27 10.27 10.27 299.47 2034.94 2034.94 519.82 519.82 519.82 519.82 2048.15 2048.15 2048.15 907.96 907.96 907.96 907.96 907.96 907.96 907.96 907.96 31.85 31.85 31.85 162.58 162.58 0 -9999 -9999 -9999 -9999 -9999 -9999 -9999 -9999 -9999
20.26 20.26 983.45 983.45 983.45 983.45 983.45 983.45 983.45 983.45 983.45 983.45 983.45 983.45 983.45 983.45 983.45 983.45 983.45 983.45 983.45 983.45 473.67 473.67 473.67 473.67 535.51 952.55 952.55 144.48 3069.02 3069.02 1264.46 1264.46 1264.46 619.16 28.09 96.99 96.99 96.99 10.27 10.27 10.27 299.47 299.47 2034.94 2034.94 519.82 519.82 519.82 2048.15 2048.15 2048.15 907.96 907.96 907.96 907.96 907.96 907.96 907.96 907.96 31.85 31.85 31.85 162.58 162.58 0 -9999 -9999 -9999 -9999 -9999 -9999 -9999 -9999 -9999
20.26 20.26 983.45 983.45 983.45 983.45 983.45 983.45 983.45 983.45 983.45 983.45 983.45 983.45 983.45 983.45 983.45 983.45 983.45 983.45 983.45 983.45 473.67 473.67 473.67 535.51 535.51 2426.81 2426.81 144.48 3069.02 3069.02 830.75 830.75 830.75 619.16 96.99 96.99 96.99 96.99 96.99 10.27 10.27 10.27 0.01 0.01 2034.94 519.82 519.82 3091.1 2048.15 2048.15 2048.15 907.96 907.96 907.96 907.96 907.96 907.96 907.96 907.96 31.85 31.85 31.85 31.85 162.58 0 -9999 -9999 -9999 -9999 -9999 -9999 -9999 -9999 -9999
20.26 20.26 983.45 983.45 983.45 983.45 983.45 983.45 983.45 983.45 983.45 983.45 983.45 983.45 983.45 983.45 983.45 983.45 983.45 983.45 983.45 983.45 473.67 473.67 535.51 535.51 535.51 2426.81 2426.81 144.48 3069.02 3069.02 830.75 830.75 619.16 96.99 96.99 96.99 96.99 96.99 210.79 210.79 10.27 10.27 0.01 8470.44 463.13 463.13 1845.3 1845.3 2048.15 2048.15 2048.15 2048.15 907.96 907.96 907.96 907.96 907.96 907.96 907.96 31.85 31.85 31.85 162.58 155.11 0 -9999 -9999 -9999 -9999 -9999 -9999 -9999 -9999 -9999
20.26 20.26 983.45 983.45 983.45 983.45 983.45 983.45 983.45 983.45 983.45 983.45 983.45 983.45 983.45 983.45 983.45 983.45 983.45 983.45 473.67 473.67 473.67 473.67 535.51 535.51 535.51 535.51 2426.81 144.48 3069.02 3069.02 830.75 619.16 619.16 96.99 96.99 96.99 96.99 210.79 210.79 210.79 210.79 210.79 8470.44 463.13 463.13 463.13 463.13 1845.3 1018.21 1018.21 1018.21 1018.21 907.96 907.96 907.96 907.96 907.96 907.96 907.96 31.85 31.85 31.85 155.11 155.11 107.41 -9999 -9999 -9999 -9999 -9999 -9999 -9999 -9999 -9999
20.26 20.26 983.45 983.45 983.45 983.45 983.45 983.45 983.45 983.45 983.45 983.45 983.45 983.45 983.45 983.45 983.45 983.45 983.45 473.67 473.67 473.67 473.67 473.67 535.51 535.51 1261.46 1261.46 1261.46 144.48 144.48 3069.02 830.75 619.16 619.16 96.99 96.99 96.99 210.79 210.79 210.79 210.79 210.79 1514.13 1748.59 1748.59 1748.59 1748.59 463.13 1845.3 2658.25 1018.21 1018.21 1018.21 907.96 907.96 907.96 907.96 907.96 907.96 907.96 31.85 31.85 31.85 155.11 155.11 107.41 107.41 -9999 -9999 -9999 -9999 -9999 -9999 -9999 -9999
20.26 20.26 983.45 983.45 983.45 983.45 983.45 983.45 983.45 983.45 983.45 983.45 983.45 983.45 983.45 983.45 983.45 983.45 983.45 473.67 473.67 473.67 473.67 1261.46 1261.46 1261.46 1261.46 1261.46 1261.46 144.48 144.48 144.48 324.99 619.16 619.16 96.99 96.99 96.99 210.79 210.79 210.79 210.79 210.79 1514.13 1748.59 1748.59 1748.59 1268.8 463.13 1845.3 2658.25 2658.25 1018.21 1018.21 907.96 907.96 907.96 907.96 907.96 907.96 907.96 31.85 31.85 31.85 155.11 155.11 107.41 107.41 -9999 -9999 -9999 -9999 -9999 -9999 -9999 -9999
20.26 20.26 214.33 214.33 214.33 214.33 214.33 214.33 214.33 214.33 214.33 214.33 214.33 214.33 457.99 457.99 457.99 457.99 457.99 457.99 457.99 457.99 457.99 7762.73 7762.73 7762.73 7762.73 7762.73 83.13 83.13 83.13 83.13 324.99 28.33 28.33 1352.73 1352.73 155.76 155.76 155.76 0.55 0.55 1514.13 3747.03 1268.8 1268.8 1268.8 1268.8 1268.8 1845.3 2658.25 2658.25 2658.25 2658.25 907.96 907.96 907.96 907.96 907.96 907.96 907.96 31.85 31.85 31.85 155.11 155.11 107.41 107.41 -9999 -9999 -9999 -9999 -9999 -9999 -9999 -9999
20.26 20.26 214.33 214.33 214.33 214.33 214.33 214.33 214.33 214.33 214.33 214.33 214.33 214.33 457.99 457.99 457.99 457.99 457.99 457.99 457.99 457.99 457.99 7762.73 7762.73 7762.73 7762.73 7762.73 83.13 83.13 83.13 24.23 324.99 28.33 28.33 1352.73 1352.73 155.76 155.76 155.76 0.55 0.55 810.77 810.77 3747.03 151.95 151.95 1268.8 1268.8 2658.25 2658.25 2658.25 2658.25 907.96 907.96 907.96 907.96 907.96 907.96 907.96 907.96 31.85 31.85 31.85 737.3 737.3 217.4 107.41 -9999 -9999 -9999 -9999 -9999 -9999 -9999 -9999
20.26 20.26 214.33 214.33 214.33 214.33 214.33 214.33 214.33 214.33 214.33 214.33 214.33 214.33 457.99 457.99 457.99 457.99 457.99 457.99 457.99 457.99 457.99 7762.73 7762.73 7762.73 7762.73 7762.73 83.13 83.13 83.13 24.23 545.45 218.57 1352.73 1352.73 1352.73 155.76 155.76 155.76 155.76 0.55 810.77 717.79 717.79 974.08 974.08 974.08 974.08 974.08 2658.25 907.96 907.96 907.96 907.96 907.96 907.96 907.96 907.96 907.96 907.96 31.85 31.85 31.85 31.85 737.3 217.4 217.4 107.41 -9999 -9999 -9999 -9999 -9999 -9999 -9999
20.26 20.26 214.33 214.33 214.33 214.33 214.33 214.33 214.33 214.33 214.33 214.33 214.33 214.33 457.99 457.99 457.99 457.99 457.99 457.99 457.99 457.99 457.99 7762.73 7762.73 7762.73 7762.73 1045.06 1045.06 1045.06 1045.06 545.45 545.45 545.45 545.45 1352.73 155.76 155.76 155.76 155.76 155.76 155.76 422.66 422.66 422.66 870.36 974.08 974.08 974.08 974.08 907.96 907.96 907.96 907.96 907.96 907.96 907.96 907.96 907.96 907.96 907.96 31.85 31.85 31.85 31.85 737.3 217.4 14.38 14.38 -9999 -9999 -9999 -9999 -9999 -9999 -9999
20.26 20.26 214.33 107.17 107.17 107.17 214.33 214.33 214.33 214.33 214.33 214.33 214.33 214.33 457.99 457.99 457.99 457.99 457.99 457.99 457.99 457.99 457.99 7762.73 7762.73 7762.73 1045.06 1045.06 14.78 1045.06 188.15 545.45 545.45 545.45 1333.14 1352.73 155.76 155.76 155.76 155.76 155.76 155.76 422.66 422.66 422.66 422.66 870.36 870.36 974.08 974.08 907.96 907.96 907.96 907.96 907.96 907.96 907.96 907.96 907.96 907.96 907.96 31.85 31.85 31.85 31.85 737.3 737.3 14.38 14.38 -9999 -9999 -9999 -9999 -9999 -9999 -9999
88.64 88.64 214.33 107.17 107.17 107.17 107.17 214.33 214.33 214.33 214.33 214.33 214.33 214.33 214.33 457.99 457.99 457.99 457.99 457.99 457.99 457.99 457.99 7762.73 7762.73 14.78 1045.06 14.78 188.15 188.15 188.15 188.15 545.45 1333.14 1333.14 2082.57 2082.57 155.76 155.76 155.76 155.76 155.76 422.66 422.66 422.66 422.66 870.36 870.36 870.36 870.36 870.36 907.96 907.96 907.96 907.96 907.96 907.96 907.96 907.96 907.96 907.96 31.85 31.85 31.85 31.85 31.85 14.38 14.38 14.38 -9999 -9999 -9999 -9999 -9999 -9999 -9999
88.64 88.64 214.33 107.17 107.17 107.17 107.17 214.33 214.33 214.33 214.33 214.33 214.33 214.33 214.33 457.99 457.99 457.99 457.99 457.99 457.99 457.99 457.99 7762.73 7762.73 14.78 14.78 813.26 188.15 188.15 188.15 188.15 1333.14 1333.14 1333.14 2082.57 2082.57 155.76 155.76 155.76 155.76 155.76 241.91 1270.85 1270.85 870.36 870.36 870.36 870.36 870.36 870.36 870.36 907.96 907.96 907.96 907.96 907.96 907.96 907.96 907.96 907.96 31.85 31.85 31.85 31.85 468.04 14.38 14.38 14.38 -9999 -9999 -9999 -9999 -9999 -9999 -9999
88.64 88.64 107.17 107.17 107.17 107.17 107.17 214.33 214.33 214.33 214.33 214.33 214.33 214.33 214.33 457.99 457.99 457.99 457.99 457.99 457.99 457.99 457.99 7762.73 7762.73 813.26 813.26 813.26 188.15 188.15 1333.14 1333.14 1333.14 1333.14 1333.14 2082.57 2082.57 0 0 0 0 241.91 241.91 1270.85 1270.85 1270.85 1270.85 1270.85 870.36 870.36 870.36 870.36 870.36 907.96 907.96 907.96 907.96 907.96 907.96 907.96 907.96 31.85 31.85 31.85 468.04 468.04 14.38 14.38 14.38 14.38 -9999 -9999 -9999 -9999 -9999 -9999
88.64 88.64 107.17 107.17 107.17 107.17 107.17 107.17 107.17 107.17 214.33 214.33 214.33 214.33 214.33 214.33 457.99 457.99 457.99 457.99 457.99 457.99 457.99 7762.73 1106.76 813.26 813.26 813.26 188.15 188.15 1333.14 1333.14 1333.14 1333.14 1333.14 2082.57 2082.57 0 0 0 0 241.91 241.91 28.68 28.68 28.68 28.68 1270.85 1270.85 1270.85 1270.85 870.36 870.36 870.36 907.96 907.96 907.96 907.96 907.96 907.96 907.96 468.04 468.04 468.04 468.04 468.04 468.04 14.38 14.38 14.38 -9999 -9999 -9999 -9999 -9999 -9999
88.64 88.64 107.17 107.17 107.17 107.17 107.17 107.17 107.17 107.17 107.17 214.33 214.33 343.55 343.55 343.55 343.55 457.99 457.99 457.99 457.99 457.99 457.99 1106.76 1106.76 1106.76 813.26 813.26 188.15 1333.14 1333.14 1333.14 1271.6 1271.6 1271.6 2082.57 2082.57 0 0 0 0 241.91 241.91 593.14 593.14 593.14 593.14 593.14 593.14 593.14 593.14 1270.85 1270.85 789.18 789.18 212.3 212.3 468.04 468.04 468.04 468.04 468.04 468.04 468.04 468.04 468.04 468.04 14.38 14.38 14.38 -9999 -9999 -9999 -9999 -9999 -9999
88.64 88.64 107.17 107.17 107.17 107.17 107.17 107.17 107.17 107.17 107.17 107.17 214.33 343.55 343.55 343.55 343.55 457.99 457.99 457.99 457.99 1106.76 1106.76 1106.76 1106.76 1106.76 1106.76 813.26 813.26 1271.6 1271.6 1271.6 1271.6 1271.6 1271.6 2082.57 2082.57 0 0 0 0 241.91 593.14 593.14 593.14 593.14 593.14 593.14 593.14 593.14 593.14 789.18 789.18 789.18 789.18 212.3 212.3 212.3 468.04 468.04 468.04 468.04 468.04 468.04 468.04 468.04 468.04 468.04 14.38 14.38 -9999 -9999 -9999 -9999 -9999 -9999
88.64 88.64 107.17 107.17 107.17 107.17 107.17 107.17 107.17 107.17 107.17 107.17 214.33 343.55 343.55 343.55 343.55 343.55 457.99 457.99 1106.76 1106.76 1106.76 1106.76 1106.76 1106.76 1106.76 813.26 813.26 813.26 1271.6 1271.6 1271.6 1271.6 1271.6 2082.57 2082.57 0 0 0 241.91 241.91 2.73 593.14 593.14 789.18 789.18 789.18 593.14 593.14 593.14 593.14 789.18 789.18 789.18 212.3 212.3 212.3 212.3 468.04 468.04 468.04 468.04 468.04 468.04 468.04 468.04 468.04 14.38 14.38 14.38 -9999 -9999 -9999 -9999 -9999
88.64 88.64 107.17 107.17 107.17 107.17 107.17 107.17 107.17 107.17 107.17 107.17 107.17 343.55 343.55 343.55 343.55 343.55 343.55 343.55 343.55 343.55 320.7 1106.76 320.7 320.7 320.7 320.7 545.4 545.4 545.4 545.4 1271.6 1271.6 1271.6 2082.57 2082.57 0 0 241.91 2.73 2.73 2.73 2.73 593.14 789.18 789.18 789.18 789.18 789.18 789.18 789.18 789.18 789.18 789.18 212.3 212.3 212.3 212.3 212.3 468.04 468.04 468.04 468.04 468.04 468.04 468.04 468.04 14.38 14.38 14.38 -9999 -9999 -9999 -9999 -9999
88.64 88.64 107.17 107.17 107.17 107.17 107.17 107.17 107.17 107.17 107.17 107.17 107.17 107.17 107.17 343.55 343.55 343.55 343.55 343.55 320.7 320.7 320.7 320.7 320.7 320.7 320.7 320.7 320.7 320.7 545.4 545.4 545.4 1271.6 1271.6 2082.57 2082.57 0 241.91 2.73 2.73 2.73 2.73 2.73 593.14 789.18 789.18 789.18 789.18 789.18 789.18 789.18 789.18 789.18 789.18 212.3 212.3 212.3 212.3 212.3 468.04 468.04 468.04 468.04 468.04 468.04 468.04 14.38 14.38 14.38 14.38 -9999 -9999 -9999 -9999 -9999
88.64 88.64 0 0 0 0 0 0 107.17 107.17 107.17 107.17 107.17 107.17 107.17 107.17 107.17 107.17 107.17 320.7 320.7 320.7 320.7 320.7 320.7 320.7 320.7 320.7 320.7 320.7 320.7 545.4 545.4 1271.6 1271.6 2082.57 0 0 0 0 0 0 0 2.73 789.18 789.18 789.18 789.18 789.18 789.18 789.18 3235.12 3235.12 3235.12 3235.12 212.3 212.3 212.3 212.3 212.3 212.3 468.04 468.04 468.04 468.04 468.04 468.04 14.38 14.38 14.38 14.38 -9999 -9999 -9999 -9999 -9999
88.64 88.64 0 0 0 0 0 0 0 0 0 0 0 107.17 107.17 107.17 107.17 107.17 107.17 320.7 320.7 320.7 320.7 320.7 320.7 320.7 320.7 320.7 320.7 320.7 320.7 320.7 545.4 545.4 1271.6 2082.57 0 0 0 0 0 0 0 0 0 0 0 789.18 789.18 3235.12 3235.12 3235.12 3235.12 3235.12 3235.12 212.3 212.3 212.3 212.3 212.3 212.3 212.3 468.04 468.04 468.04 468.04 468.04 468.04 14.38 14.38 14.38 -9999 -9999 -9999 -9999 -9999
88.64 88.64 0 0 0 0 0 0 0 0 0 0 0 107.17 107.17 107.17 107.17 107.17 107.17 320.7 320.7 320.7 320.7 320.7 320.7 320.7 320.7 320.7 320.7 320.7 320.7 320.7 545.4 545.4 545.4 545.4 0 0 0 0 0 0 0 0 0 0 0 3235.12 3235.12 3235.12 3235.12 3235.12 3235.12 3235.12 3235.12 212.3 212.3 212.3 212.3 212.3 212.3 212.3 212.3 468.04 468.04 468.04 468.04 468.04 14.38 14.38 14.38 14.38 -9999 -9999 -9999 -9999
88.64 88.64 0 0 0 0 0 0 0 0 0 0 0 107.17 11.77 11.77 11.77 11.77 11.77 320.7 320.7 320.7 320.7 320.7 320.7 320.7 320.7 320.7 320.7 320.7 320.7 320.7 320.7 545.4 545.4 545.4 545.4 0 0 0 0 0 0 0 0 0 3235.12 3235.12 3235.12 3235.12 3235.12 3235.12 3235.12 3235.12 3235.12 3235.12 212.3 212.3 212.3 212.3 212.3 212.3 212.3 212.3 468.04 468.04 468.04 468.04 14.38 14.38 14.38 14.38 -9999 -9999 -9999 -9999
88.64 88.64 0 0 0 0 0 0 0 0 0 0 0 11.77 11.77 11.77 11.77 11.77 11.77 320.7 320.7 320.7 320.7 320.7 320.7 320.7 320.7 320.7 320.7 320.7 320.7 320.7 545.4 545.4 545.4 545.4 545.4 0 0 0 0 0 0 0 0 3235.12 3235.12 3235.12 3235.12 3235.12 3235.12 3235.12 3235.12 3235.12 3235.12 3235.12 212.3 212.3 212.3 212.3 212.3 212.3 212.3 212.3 468.04 468.04 468.04 468.04 468.04 14.38 14.38 14.38 -9999 -9999 -9999 -9999
88.64 88.64 0 0 0 0 0 0 0 0 0 0 0 11.77 11.77 11.77 11.77 11.77 11.77 11.77 320.7 320.7 320.7 320.7 320.7 320.7 320.7 320.7 320.7 320.7 320.7 545.4 545.4 545.4 545.4 545.4 545.4 1805.44 0 0 0 0 0 0 3235.12 3235.12 3235.12 3235.12 3235.12 3235.12 3235.12 3235.12 3235.12 3235.12 3235.12 3235.12 3235.12 212.3 212.3 212.3 212.3 212.3 212.3 212.3 212.3 468.04 468.04 468.04 468.04 14.38 14.38 14.38 -9999 -9999 -9999 -9999
88.64 88.64 0 0 0 0 0 0 0 0 0 0 11.77 11.77 11.77 11.77 11.77 11.77 11.77 11.77 11.77 320.7 320.7 320.7 320.7 320.7 320.7 320.7 320.7 320.7 545.4 545.4 545.4 545.4 545.4 545.4 1805.44 1805.44 1805.44 0 0 0 0 0 3235.12 3235.12 3235.12 3235.12 3235.12 3235.12 3235.12 3235.12 3235.12 3235.12 3235.12 3235.12 3235.12 212.3 212.3 212.3 212.3 212.3 212.3 212.3 212.3 212.3 468.04 468.04 468.04 468.04 14.38 14.38 -9999 -9999 -9999 -9999
88.64 282.67 0 0 0 0 0 0 0 0 0 11.77 11.77 11.77 11.77 11.77 11.77 11.77 11.77 11.77 11.77 320.7 320.7 320.7 320.7 320.7 320.7 320.7 320.7 320.7 545.4 545.4 545.4 545.4 545.4 1805.44 1805.44 1805.44 1805.44 144 144 0 0 0 3235.12 3235.12 3235.12 3235.12 3235.12 3235.12 3235.12 3235.12 3235.12 3235.12 3235.12 3235.12 3235.12 3235.12 212.3 212.3 212.3 212.3 212.3 212.3 212.3 212.3 212.3 468.04 468.04 468.04 468.04 14.38 14.38 -9999 -9999 -9999
282.67 282.67 0 0 0 0 0 0 0 0 0 11.77 11.77 11.77 11.77 11.77 11.77 11.77 11.77 11.77 11.77 320.7 320.7 320.7 320.7 320.7 320.7 320.7 320.7 320.7 545.4 545.4 545.4 545.4 545.4 1805.44 1805.44 1805.44 144 144 144 144 0 0 0 0 0 3235.12 3235.12 3235.12 3235.12 3235.12 3235.12 3235.12 3235.12 3235.12 3235.12 3235.12 212.3 212.3 212.3 212.3 212.3 212.3 212.3 212.3 212.3 468.04 468.04 468.04 468.04 14.38 14.38 -9999 -9999 -9999
282.67 282.67 0 0 0 0 0 0 0 0 0 0 0 0 0 0 0.01 0.01 0.01 0.01 0.01 320.7 320.7 320.7 320.7 320.7 320.7 320.7 320.7 320.7 144 144 144 144 144 1805.44 144 144 144 144 144 144 144 0 0 0 0 3235.12 3235.12 3235.12 3235.12 3235.12 3235.12 3235.12 3235.12 3235.12 3235.12 3235.12 3235.12 212.3 212.3 212.3 212.3 212.3 212.3 212.3 212.3 212.3 468.04 468.04 468.04 14.38 14.38 -9999 -9999 -9999
282.67 282.67 0 0 0 0 0 0 0 0 0 0 0 0 0 0 0.01 0.01 0.01 0.01 0.01 320.7 320.7 320.7 320.7 320.7 320.7 320.7 320.7 320.7 144 144 144 144 144 144 144 144 144 144 144 144 144 144 0 0 0 0 0 0 3235.12 3235.12 3235.12 3235.12 3235.12 3235.12 3235.12 3235.12 3235.12 212.3 212.3 212.3 212.3 212.3 212.3 212.3 212.3 212.3 212.3 468.04 468.04 14.38 14.38 -9999 -9999 -9999
282.67 282.67 0 0 0 0 0 0 0 0 0 0 0 0 0 0 0.01 0.01 0.01 0.01 0.01 320.7 320.7 320.7 320.7 320.7 320.7 320.7 320.7 320.7 320.7 144 144 144 144 144 144 144 144 144 144 144 144 144 144 0 0 0 0 0 3235.12 3235.12 3235.12 3235.12 3235.12 3235.12 3235.12 3235.12 3235.12 3235.12 212.3 212.3 212.3 212.3 212.3 212.3 212.3 212.3 212.3 212.3 468.04 468.04 14.38 -9999 -9999 -9999
282.67 282.67 0 0 0 0 0 0 0 0 0 0 0 0 0 0 0.01 0.01 0.01 0.01 0.01 0.01 0.01 320.7 320.7 320.7 320.7 320.7 320.7 320.7 320.7 144 144 144 144 144 144 144 144 144 144 144 144 144 144 0 0 0 0 0 3235.12 3235.12 3235.12 3235.12 3235.12 3235.12 3235.12 3235.12 3235.12 3235.12 3235.12 212.3 212.3 212.3 212.3 212.3 212.3 212.3 212.3 212.3 468.04 468.04 468.04 14.38 -9999 -9999
