relPrimaryInf.txt
ncols	732
nrows	672
xllcorner	-134972.016799927
yllcorner	2776775.76870155
cellsize	1000
NODATA_value	-9999
[rows 306 to 339 of 672, columns 608 to 683 of 732]
2258.96 2258.96 2258.96 10009.47 10009.47 10009.47 10009.47 10009.47 10009.47 10009.47 10009.47 10009.47 10009.47 10009.47 10009.47 10009.47 10009.47 10009.47 10009.47 10009.47 10009.47 10009.47 10009.47 10009.47 10009.47 10009.47 10009.47 10009.47 10009.47 10009.47 10009.47 10009.47 10009.47 10009.47 10009.47 10009.47 10009.47 10009.47 247.21 247.21 247.21 247.21 247.21 247.21 247.21 216.08 216.08 216.08 216.08 216.08 216.08 0.02 0.02 744.57 744.57 397.42 302 201.43 201.43 201.43 201.43 201.43 113.15 239.27 239.27 239.27 239.27 -9999 -9999 -9999 -9999 -9999 -9999 -9999 -9999 -9999
2258.96 2258.96 2258.96 10009.47 10009.47 10009.47 10009.47 10009.47 10009.47 10009.47 10009.47 10009.47 10009.47 10009.47 10009.47 10009.47 10009.47 10009.47 10009.47 10009.47 10009.47 10009.47 10009.47 10009.47 10009.47 10009.47 10009.47 10009.47 10009.47 10009.47 10009.47 10009.47 10009.47 10009.47 10009.47 10009.47 10009.47 10009.47 247.21 247.21 247.21 247.21 247.21 247.21 247.21 216.08 216.08 216.08 216.08 216.08 1146.97 36.5 36.5 397.42 397.42 397.42 302 201.43 201.43 201.43 201.43 201.43 113.15 113.15 113.15 113.15 239.27 -9999 -9999 -9999 -9999 -9999 -9999 -9999 -9999 -9999
2258.96 2258.96 2258.96 10009.47 10009.47 10009.47 10009.47 10009.47 10009.47 10009.47 10009.47 10009.47 10009.47 10009.47 10009.47 10009.47 10009.47 10009.47 10009.47 10009.47 10009.47 10009.47 10009.47 10009.47 10009.47 10009.47 10009.47 10009.47 10009.47 10009.47 10009.47 10009.47 10009.47 10009.47 10009.47 10009.47 10009.47 10009.47 247.21 247.21 247.21 247.21 247.21 247.21 247.21 216.08 216.08 216.08 1146.97 1146.97 1146.97 2606.02 36.5 397.42 397.42 397.42 302 201.43 201.43 201.43 201.43 201.43 214.33 214.33 214.33 214.33 -9999 -9999 -9999 -9999 -9999 -9999 -9999 -9999 -9999 -9999
2258.96 2258.96 2258.96 10009.47 10009.47 10009.47 10009.47 10009.47 10009.47 10009.47 10009.47 10009.47 10009.47 10009.47 10009.47 10009.47 10009.47 10009.47 10009.47 10009.47 10009.47 10009.47 10009.47 10009.47 10009.47 10009.47 10009.47 10009.47 10009.47 10009.47 10009.47 10009.47 10009.47 10009.47 10009.47 10009.47 10009.47 10009.47 10009.47 247.21 247.21 247.21 247.21 247.21 247.21 247.21 216.08 4119.27 1146.97 1146.97 1146.97 2606.02 36.5 36.5 397.42 397.42 302 201.43 201.43 201.43 201.43 214.33 214.33 214.33 214.33 214.33 -9999 -9999 -9999 -9999 -9999 -9999 -9999 -9999 -9999 -9999
2258.96 2258.96 2258.96 10009.47 10009.47 10009.47 10009.47 10009.47 10009.47 10009.47 10009.47 10009.47 10009.47 10009.47 10009.47 10009.47 10009.47 10009.47 10009.47 10009.47 10009.47 10009.47 10009.47 10009.47 10009.47 10009.47 10009.47 10009.47 10009.47 10009.47 10009.47 10009.47 10009.47 10009.47 10009.47 10009.47 10009.47 10009.47 10009.47 247.21 247.21 247.21 247.21 247.21 247.21 247.21 4119.27 4119.27 1146.97 1146.97 1146.97 1643.16 1643.16 36.5 64.95 64.95 193.66 193.66 726.4 726.4 726.4 238.85 238.85 238.85 238.85 238.85 -9999 -9999 -9999 -9999 -9999 -9999 -9999 -9999 -9999 -9999
2258.96 2258.96 2258.96 10009.47 10009.47 10009.47 10009.47 10009.47 10009.47 10009.47 10009.47 10009.47 10009.47 10009.47 10009.47 10009.47 10009.47 10009.47 10009.47 10009.47 10009.47 10009.47 10009.47 10009.47 10009.47 10009.47 10009.47 10009.47 10009.47 10009.47 10009.47 10009.47 10009.47 10009.47 10009.47 10009.47 10009.47 10009.47 10009.47 247.21 247.21 247.21 247.21 247.21 4119.27 4119.27 4119.27 4119.27 1146.97 1146.97 1146.97 1643.16 1643.16 36.5 64.95 64.95 293.63 193.66 726.4 726.4 726.4 238.85 238.85 238.85 238.85 238.85 -9999 -9999 -9999 -9999 -9999 -9999 -9999 -9999 -9999 -9999
2258.96 2258.96 2258.96 2258.96 10009.47 10009.47 10009.47 10009.47 10009.47 10009.47 10009.47 10009.47 10009.47 10009.47 10009.47 10009.47 10009.47 10009.47 10009.47 10009.47 10009.47 10009.47 10009.47 10009.47 10009.47 10009.47 10009.47 10009.47 10009.47 10009.47 10009.47 10009.47 10009.47 10009.47 10009.47 10009.47 10009.47 10009.47 10009.47 10009.47 247.21 247.21 247.21 247.21 4119.27 4119.27 4119.27 4119.27 4119.27 4119.27 4119.27 1543.55 1543.55 36.5 36.5 293.63 293.63 293.63 335.15 335.15 335.15 2228.82 2228.82 2228.82 2228.82 1785.7 -9999 -9999 -9999 -9999 -9999 -9999 -9999 -9999 -9999 -9999
3084.71 3084.71 3084.71 3084.71 3084.71 1583.83 1583.83 1583.83 1583.83 1583.83 445.15 445.15 445.15 445.15 445.15 445.15 445.15 445.15 445.15 445.15 445.15 445.15 445.15 445.15 445.15 445.15 445.15 445.15 445.15 445.15 445.15 445.15 445.15 445.15 445.15 445.15 445.15 445.15 445.15 445.15 247.21 247.21 4119.27 4119.27 4119.27 4119.27 4119.27 4119.27 48.17 48.17 48.17 48.17 48.17 48.17 21.61 293.63 293.63 26.5 26.5 335.15 335.15 2228.82 2228.82 2228.82 2228.82 1785.7 -9999 -9999 -9999 -9999 -9999 -9999 -9999 -9999 -9999 -9999
3084.71 3084.71 3084.71 1125.49 1125.49 1583.83 1583.83 1583.83 1583.83 1583.83 445.15 445.15 445.15 445.15 445.15 445.15 445.15 445.15 445.15 445.15 445.15 445.15 445.15 445.15 445.15 445.15 445.15 445.15 445.15 445.15 445.15 445.15 445.15 445.15 445.15 445.15 445.15 445.15 445.15 445.15 247.21 247.21 247.21 247.21 4119.27 4119.27 4119.27 4119.27 4119.27 48.17 48.17 48.17 48.17 48.17 21.61 21.61 293.63 26.5 26.5 335.15 335.15 2228.82 2228.82 2228.82 2228.82 -9999 -9999 -9999 -9999 -9999 -9999 -9999 -9999 -9999 -9999 -9999
3084.71 3084.71 1125.49 1125.49 1583.83 1583.83 1583.83 1583.83 1583.83 1583.83 445.15 445.15 445.15 445.15 445.15 445.15 445.15 445.15 445.15 445.15 445.15 445.15 445.15 445.15 445.15 445.15 445.15 445.15 445.15 445.15 445.15 445.15 445.15 445.15 445.15 445.15 445.15 445.15 445.15 445.15 247.21 247.21 247.21 247.21 247.21 247.21 247.21 247.21 247.21 209.93 209.93 209.93 215.49 215.49 153.55 21.61 26.5 26.5 26.5 335.15 335.15 52.62 52.62 52.62 2228.82 -9999 -9999 -9999 -9999 -9999 -9999 -9999 -9999 -9999 -9999 -9999
3084.71 3084.71 1125.49 1125.49 1583.83 1583.83 1583.83 1583.83 1583.83 1583.83 445.15 445.15 445.15 445.15 445.15 445.15 445.15 445.15 445.15 445.15 445.15 445.15 445.15 445.15 445.15 445.15 445.15 445.15 445.15 445.15 445.15 445.15 445.15 445.15 445.15 445.15 445.15 445.15 445.15 445.15 247.21 247.21 247.21 247.21 247.21 247.21 247.21 247.21 247.21 247.21 209.93 209.93 215.49 215.49 153.55 21.61 26.5 26.5 26.5 335.15 335.15 52.62 52.62 52.62 52.62 -9999 -9999 -9999 -9999 -9999 -9999 -9999 -9999 -9999 -9999 -9999
3084.71 1125.49 1125.49 1125.49 1583.83 1583.83 1583.83 1583.83 1583.83 1583.83 1583.83 445.15 445.15 445.15 445.15 445.15 445.15 445.15 445.15 445.15 445.15 445.15 445.15 445.15 445.15 445.15 445.15 445.15 445.15 445.15 445.15 445.15 445.15 445.15 445.15 445.15 445.15 445.15 445.15 445.15 247.21 247.21 247.21 247.21 247.21 247.21 247.21 247.21 247.21 247.21 209.93 209.93 215.49 215.49 153.55 153.55 21.61 26.5 26.5 26.5 335.15 52.62 52.62 52.62 52.62 -9999 -9999 -9999 -9999 -9999 -9999 -9999 -9999 -9999 -9999 -9999
1125.49 1125.49 1125.49 1125.49 1583.83 1583.83 1583.83 1583.83 1583.83 1583.83 1583.83 445.15 445.15 445.15 445.15 445.15 445.15 445.15 445.15 445.15 445.15 445.15 445.15 445.15 445.15 445.15 445.15 445.15 445.15 445.15 445.15 445.15 445.15 445.15 445.15 445.15 445.15 445.15 445.15 445.15 247.21 247.21 247.21 247.21 247.21 247.21 247.21 247.21 247.21 247.21 247.21 209.93 153.55 153.55 153.55 153.55 21.61 26.5 26.5 26.5 335.15 52.62 52.62 52.62 52.62 -9999 -9999 -9999 -9999 -9999 -9999 -9999 -9999 -9999 -9999 -9999
1125.49 1125.49 1125.49 1583.83 1583.83 1583.83 1583.83 1583.83 1583.83 1583.83 1583.83 1583.83 445.15 445.15 445.15 445.15 445.15 445.15 445.15 445.15 445.15 445.15 445.15 445.15 445.15 445.15 445.15 445.15 445.15 445.15 445.15 445.15 445.15 445.15 445.15 445.15 445.15 445.15 445.15 445.15 445.15 247.21 247.21 247.21 247.21 247.21 247.21 247.21 247.21 247.21 247.21 247.21 247.21 3701.58 3701.58 3701.58 21.61 21.61 26.5 26.5 335.15 52.62 52.62 52.62 52.62 43.34 -9999 -9999 -9999 -9999 -9999 -9999 -9999 -9999 -9999 -9999
1125.49 1125.49 1125.49 1583.83 1583.83 1583.83 1583.83 1583.83 1583.83 1583.83 1583.83 445.15 445.15 445.15 445.15 445.15 445.15 445.15 445.15 445.15 445.15 445.15 445.15 445.15 445.15 445.15 445.15 445.15 445.15 445.15 445.15 445.15 445.15 445.15 445.15 445.15 445.15 445.15 445.15 445.15 445.15 247.21 247.21 247.21 247.21 247.21 247.21 247.21 247.21 247.21 247.21 247.21 247.21 3701.58 3701.58 3701.58 3701.58 21.61 26.5 26.5 26.5 52.62 52.62 52.62 52.62 43.34 -9999 -9999 -9999 -9999 -9999 -9999 -9999 -9999 -9999 -9999
1125.49 1125.49 1125.49 1583.83 1583.83 1583.83 1583.83 1583.83 1583.83 1583.83 1583.83 445.15 445.15 445.15 445.15 445.15 445.15 445.15 445.15 445.15 445.15 445.15 445.15 445.15 445.15 445.15 445.15 445.15 445.15 445.15 445.15 445.15 445.15 445.15 445.15 445.15 445.15 445.15 445.15 445.15 445.15 247.21 247.21 247.21 247.21 247.21 247.21 247.21 247.21 247.21 247.21 247.21 247.21 3701.58 3701.58 3701.58 3701.58 21.61 26.5 26.5 26.5 273.66 273.66 273.66 273.66 273.66 -9999 -9999 -9999 -9999 -9999 -9999 -9999 -9999 -9999 -9999
1125.49 1125.49 1125.49 1583.83 1583.83 1583.83 1583.83 1583.83 1583.83 445.15 1583.83 445.15 445.15 445.15 445.15 445.15 445.15 445.15 445.15 445.15 445.15 445.15 445.15 445.15 445.15 445.15 445.15 445.15 445.15 445.15 445.15 445.15 445.15 445.15 445.15 445.15 445.15 445.15 445.15 445.15 445.15 247.21 247.21 247.21 247.21 247.21 247.21 247.21 247.21 247.21 247.21 247.21 247.21 247.21 149.89 836.91 836.91 3701.58 21.61 26.5 26.5 273.66 273.66 273.66 273.66 273.66 -9999 -9999 -9999 -9999 -9999 -9999 -9999 -9999 -9999 -9999
2428.13 1125.49 1125.49 1583.83 1583.83 1583.83 1583.83 1583.83 1583.83 445.15 445.15 445.15 445.15 445.15 445.15 445.15 445.15 445.15 445.15 445.15 445.15 445.15 445.15 445.15 445.15 445.15 445.15 445.15 445.15 445.15 445.15 445.15 445.15 445.15 445.15 445.15 445.15 445.15 445.15 445.15 445.15 247.21 247.21 247.21 247.21 247.21 247.21 247.21 247.21 247.21 247.21 247.21 247.21 247.21 149.89 836.91 836.91 836.91 21.61 26.5 26.5 26.5 273.66 273.66 273.66 273.66 -9999 -9999 -9999 -9999 -9999 -9999 -9999 -9999 -9999 -9999
2428.13 2133.45 4133.67 4133.67 4133.67 1583.83 1583.83 1583.83 1583.83 445.15 445.15 445.15 445.15 445.15 445.15 445.15 445.15 445.15 445.15 445.15 445.15 445.15 445.15 445.15 445.15 445.15 445.15 445.15 445.15 445.15 445.15 445.15 445.15 445.15 445.15 445.15 445.15 445.15 445.15 445.15 445.15 1647.26 247.21 247.21 247.21 247.21 247.21 247.21 247.21 247.21 247.21 247.21 247.21 247.21 149.89 836.91 836.91 836.91 21.61 26.5 26.5 26.5 273.66 273.66 273.66 273.66 -9999 -9999 -9999 -9999 -9999 -9999 -9999 -9999 -9999 -9999
2133.45 2133.45 4133.67 4133.67 4133.67 4133.67 4133.67 4133.67 445.15 445.15 445.15 445.15 445.15 445.15 445.15 445.15 445.15 445.15 445.15 445.15 445.15 445.15 445.15 445.15 445.15 445.15 445.15 445.15 445.15 445.15 445.15 445.15 445.15 445.15 445.15 445.15 445.15 445.15 445.15 445.15 445.15 1647.26 1647.26 1647.26 247.21 247.21 247.21 247.21 247.21 247.21 247.21 247.21 247.21 247.21 149.89 836.91 836.91 836.91 836.91 21.61 26.5 26.5 273.66 273.66 273.66 273.66 -9999 -9999 -9999 -9999 -9999 -9999 -9999 -9999 -9999 -9999
2133.45 2133.45 4133.67 4133.67 4133.67 4133.67 4133.67 4133.67 445.15 445.15 445.15 445.15 445.15 445.15 445.15 445.15 445.15 445.15 445.15 445.15 445.15 445.15 445.15 445.15 445.15 445.15 445.15 445.15 445.15 445.15 445.15 445.15 445.15 445.15 445.15 445.15 445.15 445.15 445.15 445.15 445.15 1647.26 1647.26 1647.26 1647.26 1647.26 1647.26 1647.26 1647.26 1647.26 1647.26 1647.26 1647.26 1647.26 1647.26 505.39 505.39 505.39 505.39 657.11 26.5 26.5 273.66 273.66 273.66 273.66 -9999 -9999 -9999 -9999 -9999 -9999 -9999 -9999 -9999 -9999
2133.45 2133.45 2133.45 4133.67 4133.67 4133.67 4133.67 445.15 445.15 445.15 445.15 445.15 445.15 445.15 445.15 445.15 445.15 445.15 445.15 445.15 445.15 445.15 445.15 445.15 445.15 445.15 445.15 445.15 445.15 445.15 445.15 445.15 445.15 445.15 445.15 445.15 445.15 445.15 445.15 445.15 445.15 1647.26 1647.26 1647.26 1647.26 1647.26 1647.26 1647.26 1647.26 1647.26 1647.26 1647.26 1647.26 1647.26 1647.26 505.39 505.39 505.39 657.11 657.11 657.11 26.5 26.5 273.66 273.66 273.66 273.66 -9999 -9999 -9999 -9999 -9999 -9999 -9999 -9999 -9999
2133.45 2133.45 2133.45 4133.67 4133.67 4133.67 445.15 445.15 445.15 445.15 445.15 445.15 445.15 445.15 445.15 445.15 445.15 445.15 445.15 445.15 445.15 445.15 445.15 445.15 445.15 445.15 445.15 445.15 445.15 445.15 445.15 445.15 445.15 445.15 445.15 445.15 445.15 445.15 445.15 445.15 445.15 1647.26 1647.26 1647.26 1647.26 1647.26 1647.26 1647.26 1647.26 1647.26 1647.26 1647.26 1647.26 1647.26 1647.26 505.39 505.39 657.11 657.11 657.11 657.11 26.5 26.5 1184.55 1184.55 1184.55 1184.55 -9999 -9999 -9999 -9999 -9999 -9999 -9999 -9999 -9999
2133.45 2133.45 2133.45 4133.67 4133.67 445.15 445.15 445.15 445.15 445.15 445.15 445.15 445.15 445.15 445.15 445.15 445.15 445.15 445.15 445.15 445.15 445.15 445.15 445.15 445.15 445.15 445.15 445.15 445.15 445.15 445.15 445.15 445.15 445.15 445.15 445.15 445.15 445.15 445.15 445.15 445.15 1647.26 1647.26 1647.26 1647.26 1647.26 1647.26 1647.26 1647.26 1647.26 1647.26 1647.26 1647.26 1647.26 1647.26 505.39 657.11 657.11 505.39 657.11 657.11 657.11 26.5 1184.55 1184.55 1184.55 1184.55 -9999 -9999 -9999 -9999 -9999 -9999 -9999 -9999 -9999
2133.45 2133.45 2133.45 4133.67 4133.67 445.15 445.15 445.15 445.15 445.15 445.15 445.15 445.15 445.15 445.15 445.15 445.15 445.15 445.15 445.15 445.15 445.15 445.15 445.15 445.15 445.15 445.15 445.15 445.15 445.15 445.15 445.15 445.15 445.15 445.15 445.15 445.15 445.15 445.15 445.15 445.15 1647.26 1647.26 1647.26 1647.26 1647.26 1647.26 1647.26 1647.26 1647.26 1647.26 1647.26 1647.26 1647.26 1647.26 1647.26 505.39 505.39 505.39 657.11 657.11 657.11 26.5 26.5 1184.55 1184.55 1.68 -9999 -9999 -9999 -9999 -9999 -9999 -9999 -9999 -9999
2133.45 2133.45 2133.45 4133.67 445.15 445.15 445.15 445.15 445.15 445.15 445.15 445.15 445.15 445.15 445.15 445.15 445.15 445.15 445.15 445.15 445.15 445.15 445.15 445.15 445.15 445.15 445.15 445.15 445.15 445.15 445.15 445.15 445.15 445.15 445.15 445.15 445.15 445.15 445.15 445.15 445.15 1647.26 1647.26 1647.26 1647.26 1647.26 1647.26 1647.26 1647.26 1647.26 1647.26 1647.26 1647.26 1647.26 1647.26 1647.26 1203.4 1203.4 1203.4 657.11 657.11 657.11 26.5 26.5 250.91 250.91 250.91 -9999 -9999 -9999 -9999 -9999 -9999 -9999 -9999 -9999
0 0 0 0 445.15 445.15 445.15 445.15 445.15 445.15 445.15 445.15 445.15 445.15 445.15 445.15 445.15 445.15 445.15 445.15 445.15 445.15 445.15 445.15 445.15 445.15 445.15 445.15 445.15 445.15 445.15 445.15 445.15 445.15 445.15 445.15 445.15 445.15 445.15 445.15 445.15 1647.26 1647.26 1647.26 1647.26 1647.26 1647.26 1647.26 1647.26 1647.26 1647.26 1647.26 1647.26 1647.26 1647.26 1647.26 897.94 1203.4 1203.4 315.61 315.61 749.67 749.67 26.5 26.5 305.65 236.86 -9999 -9999 -9999 -9999 -9999 -9999 -9999 -9999 -9999
0 0 0 445.15 445.15 445.15 445.15 445.15 445.15 445.15 445.15 445.15 445.15 445.15 445.15 445.15 445.15 445.15 445.15 445.15 445.15 445.15 445.15 445.15 445.15 445.15 445.15 445.15 445.15 445.15 445.15 445.15 445.15 445.15 445.15 445.15 445.15 445.15 445.15 445.15 1647.26 1647.26 1647.26 1647.26 1647.26 1647.26 1647.26 1647.26 1647.26 1647.26 1647.26 1647.26 1647.26 1647.26 1647.26 1647.26 897.94 897.94 1203.4 315.61 315.61 315.61 749.67 26.5 26.5 305.65 236.86 236.86 -9999 -9999 -9999 -9999 -9999 -9999 -9999 -9999
0 0 0 445.15 445.15 445.15 445.15 445.15 445.15 445.15 445.15 445.15 445.15 445.15 445.15 445.15 445.15 445.15 445.15 445.15 445.15 445.15 445.15 445.15 445.15 445.15 445.15 445.15 445.15 445.15 445.15 445.15 445.15 445.15 445.15 445.15 445.15 445.15 445.15 445.15 1647.26 1647.26 1647.26 1647.26 1647.26 1647.26 1647.26 1647.26 1647.26 1647.26 1647.26 1647.26 1647.26 1647.26 1647.26 1647.26 897.94 897.94 897.94 291.86 291.86 291.86 749.67 749.67 26.5 305.65 305.65 305.65 -9999 -9999 -9999 -9999 -9999 -9999 -9999 -9999
0 0 0 445.15 445.15 445.15 445.15 445.15 445.15 445.15 445.15 445.15 445.15 445.15 445.15 445.15 445.15 445.15 445.15 445.15 445.15 445.15 445.15 445.15 445.15 445.15 445.15 445.15 445.15 445.15 445.15 445.15 445.15 445.15 445.15 445.15 445.15 445.15 445.15 445.15 1647.26 1647.26 1647.26 1647.26 1647.26 1647.26 1647.26 1647.26 1647.26 1647.26 1647.26 1647.26 1647.26 1647.26 1647.26 1647.26 2891.58 2891.58 2891.58 231.58 231.58 231.58 1365.1 749.67 26.5 26.5 143.76 143.76 -9999 -9999 -9999 -9999 -9999 -9999 -9999 -9999
0 0 445.15 445.15 445.15 445.15 445.15 445.15 445.15 445.15 445.15 445.15 445.15 445.15 445.15 445.15 445.15 445.15 445.15 445.15 445.15 445.15 445.15 445.15 445.15 445.15 445.15 445.15 445.15 445.15 445.15 445.15 445.15 445.15 445.15 445.15 445.15 445.15 445.15 445.15 1647.26 1647.26 1647.26 1647.26 1647.26 1647.26 1647.26 1647.26 1647.26 1647.26 1647.26 1647.26 1647.26 1647.26 1647.26 1647.26 2891.58 2891.58 2891.58 231.58 231.58 231.58 1365.1 749.67 26.5 837.24 837.24 837.24 -9999 -9999 -9999 -9999 -9999 -9999 -9999 -9999
0 0 445.15 445.15 445.15 445.15 445.15 445.15 445.15 445.15 445.15 445.15 445.15 445.15 445.15 445.15 445.15 445.15 445.15 445.15 445.15 445.15 445.15 445.15 445.15 445.15 445.15 445.15 445.15 445.15 445.15 445.15 445.15 445.15 445.15 445.15 445.15 445.15 445.15 445.15 1647.26 1647.26 1647.26 1647.26 1647.26 1647.26 1647.26 1647.26 1647.26 1647.26 1647.26 1647.26 1647.26 1647.26 1647.26 1647.26 2891.58 2891.58 16.27 1756.31 1756.31 1365.1 1365.1 391.43 391.43 837.24 837.24 837.24 837.24 -9999 -9999 -9999 -9999 -9999 -9999 -9999
0 0 445.15 445.15 445.15 445.15 445.15 445.15 445.15 445.15 445.15 445.15 445.15 445.15 445.15 445.15 445.15 445.15 445.15 445.15 445.15 445.15 445.15 445.15 445.15 445.15 445.15 445.15 445.15 445.15 445.15 445.15 445.15 445.15 445.15 445.15 445.15 445.15 445.15 445.15 1647.26 1647.26 1647.26 1647.26 1647.26 1647.26 1647.26 1647.26 1647.26 1647.26 1647.26 1647.26 1647.26 1647.26 1647.26 1647.26 16.27 16.27 16.27 232 232 232 232 391.43 391.43 837.24 837.24 837.24 837.24 -9999 -9999 -9999 -9999 -9999 -9999 -9999
0 0 445.15 445.15 445.15 445.15 445.15 445.15 445.15 445.15 445.15 445.15 445.15 445.15 445.15 445.15 445.15 445.15 445.15 445.15 445.15 445.15 445.15 445.15 445.15 445.15 445.15 445.15 445.15 445.15 445.15 445.15 445.15 445.15 445.15 445.15 445.15 445.15 445.15 445.15 1647.26 1647.26 1647.26 1647.26 1647.26 1647.26 1647.26 1647.26 1647.26 1647.26 1647.26 1647.26 1647.26 1647.26 1647.26 1647.26 16.27 16.27 16.27 1078.76 1078.76 1078.76 1078.76 391.43 391.43 391.43 160.82 160.82 160.82 -9999 -9999 -9999 -9999 -9999 -9999 -9999
